1	25 Jan 2016	21:15:27	0	1	2	3	4	5	6	126	4	82	79	40	0	18	54	47	1	55	66	0	70	43	45	120	29	66	38
2	25 Jan 2016	21:16:27	0	1	2	3	4	5	6	122	5	60	128	85	0	58	70	58	6	134	127	17	110	119	91	138	71	92	148
3	25 Jan 2016	21:17:27	0	1	2	3	4	5	6	114	32	53	69	22	0	39	44	17	2	57	125	8	31	124	109	82	53	18	106
4	25 Jan 2016	21:18:27	0	1	2	3	4	5	6	76	12	65	115	48	6	55	12	54	2	104	176	117	22	77	109	100	39	8	81
5	25 Jan 2016	21:19:27	0	1	2	3	4	5	6	130	9	78	74	29	8	35	80	14	2	111	121	86	81	41	139	100	46	2	107
6	25 Jan 2016	21:20:27	0	1	2	3	4	5	6	106	48	49	107	206	21	49	67	77	6	82	68	87	66	108	88	71	59	85	89
7	25 Jan 2016	21:21:27	0	1	2	3	4	5	6	64	74	50	49	29	0	43	54	36	2	56	122	94	36	168	38	84	126	40	82
8	25 Jan 2016	21:22:27	0	1	2	3	4	5	6	84	26	77	132	47	2	20	79	37	0	106	102	26	27	61	97	71	70	8	95
9	25 Jan 2016	21:23:27	0	1	2	3	4	5	6	90	20	66	95	48	0	51	34	38	26	92	23	29	82	7	40	94	31	2	72
10	25 Jan 2016	21:24:27	0	1	2	3	4	5	6	124	12	70	112	12	2	74	73	36	33	102	34	9	71	8	38	78	14	61	60
11	25 Jan 2016	21:25:26	0	1	2	3	4	5	6	133	14	94	142	86	15	73	50	28	5	71	76	4	87	8	79	87	44	108	79
12	25 Jan 2016	21:26:27	0	1	2	3	4	5	6	117	27	46	108	67	44	54	61	50	3	59	89	99	24	3	69	148	74	7	143
13	25 Jan 2016	21:27:27	0	1	2	3	4	5	6	83	27	51	110	80	82	43	54	34	12	65	179	80	74	1	23	84	36	5	107
14	25 Jan 2016	21:28:27	0	1	2	3	4	5	6	116	0	39	131	81	35	45	53	32	2	63	98	63	81	4	123	144	37	1	111
15	25 Jan 2016	21:29:27	0	1	2	3	4	5	6	102	2	48	116	66	2	82	74	31	16	49	153	17	43	6	24	90	110	0	129
16	25 Jan 2016	21:30:27	0	1	2	3	4	5	6	18	3	31	123	29	3	61	63	31	3	84	116	3	129	3	106	95	59	3	53
17	25 Jan 2016	21:31:27	0	1	2	3	4	5	6	33	1	25	80	66	13	54	74	58	2	104	87	7	61	6	100	79	41	48	60
18	25 Jan 2016	21:32:27	0	1	2	3	4	5	6	131	3	78	170	18	2	43	50	39	4	75	115	10	73	2	104	100	36	11	109
19	25 Jan 2016	21:33:27	0	1	2	3	4	5	6	75	20	72	87	64	0	47	32	33	3	74	74	0	68	2	68	80	32	26	74
20	25 Jan 2016	21:34:27	0	1	2	3	4	5	6	104	14	83	101	46	0	62	52	37	7	39	54	4	17	1	90	127	59	41	133
21	25 Jan 2016	21:35:27	0	1	2	3	4	5	6	105	15	93	84	44	0	53	70	20	5	35	129	5	27	4	82	98	59	94	97
22	25 Jan 2016	21:36:27	0	1	2	3	4	5	6	123	21	66	122	35	0	32	34	9	8	53	109	5	18	2	60	110	69	9	97
23	25 Jan 2016	21:37:27	0	1	2	3	4	5	6	110	21	50	81	65	7	50	81	6	4	99	79	7	17	0	43	58	41	3	131
24	25 Jan 2016	21:38:27	0	1	2	3	4	5	6	177	11	60	111	60	0	61	51	8	12	114	101	27	24	0	112	119	73	1	130
25	25 Jan 2016	21:39:27	0	1	2	3	4	5	6	135	3	60	69	49	4	49	36	9	31	139	67	92	126	12	54	64	27	14	90
26	25 Jan 2016	21:40:27	0	1	2	3	4	5	6	115	8	59	143	25	9	58	32	6	18	143	82	67	86	11	88	86	24	10	72
27	25 Jan 2016	21:41:27	0	1	2	3	4	5	6	165	36	71	115	37	21	85	3	18	7	106	30	54	96	2	35	118	66	6	81
28	25 Jan 2016	21:42:27	0	1	2	3	4	5	6	111	0	75	100	48	25	57	0	27	14	105	61	114	15	0	40	72	59	5	66
29	25 Jan 2016	21:43:27	0	1	2	3	4	5	6	70	0	65	88	17	22	48	0	25	4	87	108	55	87	0	105	89	54	1	95
30	25 Jan 2016	21:44:27	0	1	2	3	4	5	6	81	4	43	107	8	19	54	2	30	13	22	56	157	81	0	53	105	52	1	104
31	25 Jan 2016	21:45:27	0	1	2	3	4	5	6	90	5	59	145	148	35	46	4	14	20	44	92	58	10	1	86	143	34	2	102
32	25 Jan 2016	21:46:27	0	1	2	3	4	5	6	97	26	46	120	55	6	60	6	21	29	32	106	175	83	5	58	69	10	7	98
33	25 Jan 2016	21:47:27	0	1	2	3	4	5	6	46	17	43	76	49	0	76	2	13	47	87	46	100	76	8	43	88	44	10	97
34	25 Jan 2016	21:48:27	0	1	2	3	4	5	6	57	18	92	47	62	0	54	1	9	4	61	73	52	17	6	103	87	80	10	65
35	25 Jan 2016	21:49:27	0	1	2	3	4	5	6	81	6	48	85	6	0	52	0	45	17	82	61	103	25	6	30	33	52	10	87
36	25 Jan 2016	21:50:27	0	1	2	3	4	5	6	97	1	54	146	175	0	42	1	38	24	75	101	62	24	6	67	73	48	6	110
37	25 Jan 2016	21:51:27	0	1	2	3	4	5	6	77	4	68	90	60	12	48	61	30	8	73	74	160	23	7	68	79	118	9	92
38	25 Jan 2016	21:52:27	0	1	2	3	4	5	6	84	6	80	84	47	9	9	71	23	5	28	53	67	53	7	46	64	38	2	73
39	25 Jan 2016	21:53:27	0	1	2	3	4	5	6	24	5	58	95	49	4	22	28	27	3	82	138	48	63	5	62	100	66	1	60
40	25 Jan 2016	21:54:27	0	1	2	3	4	5	6	97	3	51	102	7	0	67	20	20	7	85	86	106	108	0	31	110	77	4	126
41	25 Jan 2016	21:55:27	0	1	2	3	4	5	6	132	5	102	133	80	0	69	11	30	2	87	82	0	123	0	29	107	19	6	82
42	25 Jan 2016	21:56:27	0	1	2	3	4	5	6	68	1	58	126	75	0	70	7	27	0	61	102	1	33	0	79	68	50	4	67
43	25 Jan 2016	21:57:27	0	1	2	3	4	5	6	71	3	53	72	6	0	67	7	28	0	68	18	1	37	0	67	70	42	51	32
44	25 Jan 2016	21:58:27	0	1	2	3	4	5	6	98	1	83	107	53	5	67	6	20	0	102	15	0	59	0	58	49	69	42	82
45	25 Jan 2016	21:59:27	0	1	2	3	4	5	6	90	3	58	17	45	2	9	0	18	0	15	37	2	86	0	90	54	35	14	93
46	25 Jan 2016	22:00:27	0	1	2	3	4	5	6	10	0	51	81	73	1	176	0	34	3	8	27	20	105	0	71	61	81	23	73
47	25 Jan 2016	22:01:27	0	1	2	3	4	5	6	98	0	32	122	0	0	72	7	23	1	15	160	107	92	4	19	94	68	35	56
48	25 Jan 2016	22:02:27	0	1	2	3	4	5	6	63	54	86	63	231	0	89	6	20	2	30	108	60	86	3	51	93	43	19	100
49	25 Jan 2016	22:03:27	0	1	2	3	4	5	6	85	10	61	95	83	0	69	2	23	5	10	66	23	85	5	95	83	28	15	111
50	25 Jan 2016	22:04:27	0	1	2	3	4	5	6	105	11	67	87	0	0	58	0	28	9	24	50	0	9	5	24	68	42	5	93
51	25 Jan 2016	22:05:27	0	1	2	3	4	5	6	106	17	94	111	214	0	75	6	48	18	126	125	3	11	2	69	67	61	3	149
52	25 Jan 2016	22:06:27	0	1	2	3	4	5	6	149	17	28	91	40	0	55	1	32	11	63	31	6	10	1	110	98	65	4	90
53	25 Jan 2016	22:07:27	0	1	2	3	4	5	6	100	20	42	22	37	0	67	0	43	10	85	45	5	22	0	28	64	51	19	123
54	25 Jan 2016	22:08:27	0	1	2	3	4	5	6	18	10	50	101	32	0	21	10	26	31	106	120	3	36	0	85	82	94	22	79
55	25 Jan 2016	22:09:27	0	1	2	3	4	5	6	83	14	66	84	39	0	52	27	41	4	71	57	6	83	1	66	102	27	28	73
56	25 Jan 2016	22:10:27	0	1	2	3	4	5	6	101	13	18	56	25	0	33	88	16	4	71	91	7	94	1	12	74	104	74	61
57	25 Jan 2016	22:11:27	0	1	2	3	4	5	6	71	10	62	86	30	0	42	69	19	2	98	108	9	13	0	100	33	50	6	75
58	25 Jan 2016	22:12:27	0	1	2	3	4	5	6	94	17	76	72	48	0	57	73	37	5	85	94	5	22	0	40	51	35	21	9
59	25 Jan 2016	22:13:27	0	1	2	3	4	5	6	87	18	79	99	37	0	45	45	30	5	26	110	3	27	0	32	118	110	60	120
60	25 Jan 2016	22:14:27	0	1	2	3	4	5	6	76	9	64	130	35	0	67	38	30	0	9	79	3	14	0	31	64	59	75	109
61	25 Jan 2016	22:15:27	0	1	2	3	4	5	6	76	16	76	73	61	0	79	57	34	24	100	17	1	20	21	25	4	31	56	91
62	25 Jan 2016	22:16:27	0	1	2	3	4	5	6	49	4	100	78	48	0	61	26	31	18	66	33	5	29	89	25	14	8	61	60
63	25 Jan 2016	22:17:27	0	1	2	3	4	5	6	83	7	69	33	47	0	122	0	22	27	23	127	6	99	113	63	81	6	40	116
64	25 Jan 2016	22:18:26	0	1	2	3	4	5	6	97	18	53	168	54	0	77	14	42	0	22	105	7	90	13	96	111	117	41	61
65	25 Jan 2016	22:19:27	0	1	2	3	4	5	6	43	15	29	77	24	0	57	60	62	7	36	46	6	11	22	83	80	51	6	80
66	25 Jan 2016	22:20:27	0	1	2	3	4	5	6	131	12	51	112	29	0	65	15	37	4	85	80	10	30	7	17	99	119	0	73
67	25 Jan 2016	22:21:27	0	1	2	3	4	5	6	90	26	9	22	13	0	61	1	38	15	67	90	4	70	6	35	77	52	0	65
68	25 Jan 2016	22:22:27	0	1	2	3	4	5	6	76	12	55	95	49	3	50	4	172	53	70	95	5	90	3	78	54	75	0	65
69	25 Jan 2016	22:23:27	0	1	2	3	4	5	6	57	1	48	134	14	4	65	0	39	23	82	41	53	76	2	81	59	63	4	54
70	25 Jan 2016	22:24:27	0	1	2	3	4	5	6	46	0	29	14	5	7	40	2	41	22	68	25	101	84	1	86	9	17	1	22
71	25 Jan 2016	22:25:27	0	1	2	3	4	5	6	88	0	44	125	56	9	57	0	46	16	58	151	73	17	2	81	13	52	6	99
72	25 Jan 2016	22:26:27	0	1	2	3	4	5	6	98	0	13	49	42	13	56	4	22	17	42	73	10	17	0	70	1	24	7	76
73	25 Jan 2016	22:27:27	0	1	2	3	4	5	6	25	0	57	80	39	7	49	6	16	24	22	119	34	15	1	11	6	58	25	68
74	25 Jan 2016	22:28:27	0	1	2	3	4	5	6	105	0	65	100	48	0	50	2	34	6	34	90	31	20	5	95	6	69	23	69
75	25 Jan 2016	22:29:27	0	1	2	3	4	5	6	91	0	25	7	0	5	35	0	34	4	9	118	8	40	2	93	5	36	64	51
76	25 Jan 2016	22:30:27	0	1	2	3	4	5	6	123	0	89	14	55	5	58	0	46	8	71	61	8	73	1	60	8	52	39	45
77	25 Jan 2016	22:31:27	0	1	2	3	4	5	6	9	0	66	25	50	3	46	0	32	25	85	74	8	79	4	77	6	43	32	47
78	25 Jan 2016	22:32:27	0	1	2	3	4	5	6	86	0	34	117	31	4	55	5	8	4	23	58	8	79	3	33	7	21	19	120
79	25 Jan 2016	22:33:27	0	1	2	3	4	5	6	35	0	44	128	23	8	34	10	151	2	64	98	6	82	29	84	6	44	1	121
80	25 Jan 2016	22:34:27	0	1	2	3	4	5	6	118	0	21	84	72	3	11	37	118	18	98	122	4	144	10	90	2	52	21	96
81	25 Jan 2016	22:35:27	0	1	2	3	4	5	6	76	0	79	23	66	5	9	2	51	7	20	115	1	96	11	4	4	70	4	60
82	25 Jan 2016	22:36:27	0	1	2	3	4	5	6	64	0	65	113	34	5	12	17	84	1	7	78	4	88	15	74	6	24	6	74
83	25 Jan 2016	22:37:27	0	1	2	3	4	5	6	74	0	53	61	205	14	10	8	77	5	17	106	78	87	19	74	1	44	1	57
84	25 Jan 2016	22:38:27	0	1	2	3	4	5	6	103	1	62	23	46	31	55	6	42	5	73	38	15	117	30	79	0	68	28	55
85	25 Jan 2016	22:39:27	0	1	2	3	4	5	6	70	0	56	21	36	34	62	7	67	2	86	155	20	60	28	57	0	59	8	77
86	25 Jan 2016	22:40:27	0	1	2	3	4	5	6	65	0	41	126	37	8	68	10	50	0	26	95	7	104	43	68	0	31	11	81
87	25 Jan 2016	22:41:27	0	1	2	3	4	5	6	93	0	84	89	11	15	96	15	69	5	26	44	7	99	7	33	3	32	9	69
88	25 Jan 2016	22:42:27	0	1	2	3	4	5	6	142	0	72	139	5	21	96	2	38	6	30	45	51	26	26	23	0	90	4	86
89	25 Jan 2016	22:43:27	0	1	2	3	4	5	6	62	0	22	52	54	10	73	3	52	2	61	26	114	26	30	11	0	37	1	103
90	25 Jan 2016	22:44:27	0	1	2	3	4	5	6	65	0	39	132	15	5	54	5	60	1	63	43	57	21	1	98	0	55	5	23
91	25 Jan 2016	22:45:27	0	1	2	3	4	5	6	60	0	120	44	15	7	68	1	51	1	58	117	98	10	19	48	0	36	12	11
92	25 Jan 2016	22:46:27	0	1	2	3	4	5	6	40	0	90	27	50	13	49	3	66	2	53	39	69	61	17	76	0	64	3	95
93	25 Jan 2016	22:47:27	0	1	2	3	4	5	6	101	0	64	13	58	17	45	2	39	2	64	84	18	28	8	53	0	34	1	119
94	25 Jan 2016	22:48:27	0	1	2	3	4	5	6	87	25	80	10	9	14	71	4	63	6	102	13	19	134	0	62	0	70	4	113
95	25 Jan 2016	22:49:27	0	1	2	3	4	5	6	52	7	62	14	89	4	44	5	37	7	90	64	27	28	1	4	0	35	41	115
96	25 Jan 2016	22:50:27	0	1	2	3	4	5	6	64	0	95	1	70	2	25	6	30	1	75	90	100	94	2	65	0	57	55	80
97	25 Jan 2016	22:51:27	0	1	2	3	4	5	6	85	4	59	0	29	0	10	3	43	8	11	50	66	73	0	60	7	64	5	80
98	25 Jan 2016	22:52:27	0	1	2	3	4	5	6	41	15	78	0	85	6	44	0	83	4	50	105	60	94	2	33	4	19	2	38
99	25 Jan 2016	22:53:27	0	1	2	3	4	5	6	90	9	74	3	49	10	47	0	111	0	113	49	5	26	4	62	7	13	5	81
100	25 Jan 2016	22:54:27	0	1	2	3	4	5	6	119	8	61	1	62	1	61	0	155	1	155	117	4	47	10	52	6	102	7	59
101	25 Jan 2016	22:55:27	0	1	2	3	4	5	6	71	27	52	12	56	17	42	0	99	1	49	89	0	26	2	74	7	34	130	82
102	25 Jan 2016	22:56:27	0	1	2	3	4	5	6	114	13	39	6	37	16	30	0	89	1	108	26	0	72	25	38	7	77	132	117
103	25 Jan 2016	22:57:27	0	1	2	3	4	5	6	87	25	25	1	63	45	62	0	85	1	104	16	0	85	3	29	6	87	100	126
104	25 Jan 2016	22:58:27	0	1	2	3	4	5	6	98	12	31	1	33	9	59	3	71	2	9	41	0	38	4	96	10	31	72	72
105	25 Jan 2016	22:59:27	0	1	2	3	4	5	6	37	8	56	0	12	0	49	4	41	4	66	129	0	93	3	68	9	33	65	82
106	25 Jan 2016	23:00:27	0	1	2	3	4	5	6	18	12	50	2	38	0	56	8	21	5	52	38	0	87	0	34	30	57	118	104
107	25 Jan 2016	23:01:27	0	1	2	3	4	5	6	142	35	46	22	40	0	86	7	32	5	115	57	1	15	4	75	83	73	65	78
108	25 Jan 2016	23:02:27	0	1	2	3	4	5	6	45	61	93	42	16	0	96	1	76	1	89	129	2	125	2	72	69	26	55	103
109	25 Jan 2016	23:03:26	0	1	2	3	4	5	6	21	28	32	85	11	2	86	1	54	1	34	87	12	46	6	79	73	25	78	104
110	25 Jan 2016	23:04:27	0	1	2	3	4	5	6	102	54	11	121	11	7	63	2	12	2	6	60	5	85	0	61	110	23	107	105
111	25 Jan 2016	23:05:27	0	1	2	3	4	5	6	116	20	44	166	51	3	63	0	108	6	5	38	0	92	6	45	79	100	75	57
112	25 Jan 2016	23:06:27	0	1	2	3	4	5	6	87	7	67	109	44	1	74	0	146	5	3	26	0	55	6	69	81	59	109	33
113	25 Jan 2016	23:07:27	0	1	2	3	4	5	6	75	27	61	16	99	2	35	2	17	6	11	108	0	65	4	89	56	12	57	19
114	25 Jan 2016	23:08:27	0	1	2	3	4	5	6	68	19	66	107	36	6	66	0	164	5	5	59	0	52	1	36	71	22	126	69
115	25 Jan 2016	23:09:27	0	1	2	3	4	5	6	72	11	59	123	70	67	45	0	186	4	8	118	0	40	0	123	71	27	61	44
116	25 Jan 2016	23:10:27	0	1	2	3	4	5	6	119	7	43	14	60	7	26	0	39	5	62	45	0	22	0	68	62	53	32	128
117	25 Jan 2016	23:11:27	0	1	2	3	4	5	6	120	4	103	81	32	9	54	1	66	17	96	112	0	106	0	59	118	48	3	76
118	25 Jan 2016	23:12:27	0	1	2	3	4	5	6	63	3	50	140	42	29	47	0	44	9	39	61	0	63	0	79	65	24	4	80
119	25 Jan 2016	23:13:27	0	1	2	3	4	5	6	31	2	59	165	120	29	52	17	56	8	30	52	0	11	0	52	37	47	1	115
120	25 Jan 2016	23:14:27	0	1	2	3	4	5	6	85	11	48	146	74	15	28	13	30	12	11	109	0	17	0	78	77	67	3	100
121	25 Jan 2016	23:15:27	0	1	2	3	4	5	6	84	2	56	43	52	0	70	14	26	23	0	62	1	8	0	93	118	19	1	60
122	25 Jan 2016	23:16:27	0	1	2	3	4	5	6	72	10	65	87	77	0	77	5	30	19	3	113	0	6	0	22	121	65	1	46
123	25 Jan 2016	23:17:27	0	1	2	3	4	5	6	61	0	21	100	39	0	63	5	10	14	0	128	0	10	0	92	110	90	0	48
124	25 Jan 2016	23:18:27	0	1	2	3	4	5	6	64	0	51	98	36	13	41	6	37	3	0	110	1	7	1	66	77	71	0	56
125	25 Jan 2016	23:19:27	0	1	2	3	4	5	6	5	0	74	81	23	0	18	16	39	0	4	116	0	25	0	41	109	18	0	77
126	25 Jan 2016	23:20:27	0	1	2	3	4	5	6	80	0	25	23	20	0	70	1	58	5	7	30	0	123	0	60	119	104	0	95
127	25 Jan 2016	23:21:27	0	1	2	3	4	5	6	134	0	30	125	59	0	64	0	64	5	8	136	4	30	6	102	103	57	0	51
128	25 Jan 2016	23:22:27	0	1	2	3	4	5	6	80	0	83	63	40	0	58	1	71	7	5	45	2	7	8	69	52	79	0	74
129	25 Jan 2016	23:23:27	0	1	2	3	4	5	6	103	52	81	147	52	0	82	3	46	2	5	103	6	15	5	60	47	80	0	66
130	25 Jan 2016	23:24:27	0	1	2	3	4	5	6	70	37	59	15	42	0	71	5	28	1	0	121	4	7	1	91	95	47	0	53
131	25 Jan 2016	23:25:27	0	1	2	3	4	5	6	130	55	91	40	31	1	47	12	24	7	4	92	0	48	2	61	99	58	0	78
132	25 Jan 2016	23:26:27	0	1	2	3	4	5	6	147	26	90	10	35	0	76	6	31	6	8	90	4	107	2	22	108	53	11	93
133	25 Jan 2016	23:27:27	0	1	2	3	4	5	6	89	23	30	7	36	0	94	2	4	6	6	72	5	13	1	64	70	61	65	69
134	25 Jan 2016	23:28:27	0	1	2	3	4	5	6	93	24	17	1	72	0	68	0	85	3	1	75	4	5	7	51	6	32	81	50
135	25 Jan 2016	23:29:27	0	1	2	3	4	5	6	25	17	39	0	56	0	52	0	130	3	0	105	0	17	8	17	5	56	31	60
136	25 Jan 2016	23:30:27	0	1	2	3	4	5	6	104	15	64	0	42	0	81	0	91	3	4	52	0	12	6	81	0	48	18	106
137	25 Jan 2016	23:31:27	0	1	2	3	4	5	6	60	5	22	29	66	0	69	4	86	3	6	85	1	103	2	71	1	52	87	92
138	25 Jan 2016	23:32:27	0	1	2	3	4	5	6	99	0	35	23	60	0	44	4	67	2	0	85	1	79	8	52	0	44	33	78
139	25 Jan 2016	23:33:27	0	1	2	3	4	5	6	78	3	48	6	36	0	82	10	46	0	0	88	2	56	63	108	6	26	70	50
140	25 Jan 2016	23:34:27	0	1	2	3	4	5	6	74	0	100	3	92	0	60	5	8	1	0	119	1	69	92	72	3	58	68	54
141	25 Jan 2016	23:35:26	0	1	2	3	4	5	6	52	1	105	0	65	0	73	4	91	4	0	101	0	84	116	18	0	48	62	44
142	25 Jan 2016	23:36:27	0	1	2	3	4	5	6	34	5	74	1	42	0	61	2	84	5	0	85	0	84	53	53	0	33	11	46
143	25 Jan 2016	23:37:27	0	1	2	3	4	5	6	113	0	50	6	28	5	47	8	78	8	0	157	0	57	22	72	5	60	1	44
144	25 Jan 2016	23:38:27	0	1	2	3	4	5	6	94	18	79	2	45	1	68	7	110	2	0	102	0	78	45	66	2	50	0	85
145	25 Jan 2016	23:39:27	0	1	2	3	4	5	6	102	26	55	2	47	16	12	1	43	3	0	100	0	26	39	131	3	56	1	78
146	25 Jan 2016	23:40:27	0	1	2	3	4	5	6	75	6	52	3	50	0	62	0	94	10	0	103	0	16	17	105	0	14	6	93
147	25 Jan 2016	23:41:27	0	1	2	3	4	5	6	80	5	62	2	18	0	76	0	82	8	0	90	0	103	19	70	4	51	8	93
148	25 Jan 2016	23:42:27	0	1	2	3	4	5	6	37	0	44	0	11	0	48	0	109	5	1	30	0	85	7	70	5	0	1	65
149	25 Jan 2016	23:43:27	0	1	2	3	4	5	6	26	3	61	2	30	0	78	0	67	5	2	48	4	12	0	53	6	88	44	45
150	25 Jan 2016	23:44:27	0	1	2	3	4	5	6	119	3	35	0	32	0	46	0	34	4	6	54	2	11	0	60	1	17	26	101
151	25 Jan 2016	23:45:27	0	1	2	3	4	5	6	43	2	55	0	32	0	39	5	56	1	8	32	5	10	0	39	3	67	100	72
152	25 Jan 2016	23:46:27	0	1	2	3	4	5	6	9	0	48	0	44	0	36	3	23	3	0	43	3	9	2	28	3	72	91	66
153	25 Jan 2016	23:47:27	0	1	2	3	4	5	6	129	0	71	0	49	0	7	2	69	4	0	15	5	7	6	36	6	35	103	69
154	25 Jan 2016	23:48:27	0	1	2	3	4	5	6	38	0	85	0	97	0	70	0	75	4	0	105	2	9	9	80	5	44	131	51
155	25 Jan 2016	23:49:27	0	1	2	3	4	5	6	68	13	63	0	50	0	59	0	41	5	0	32	0	4	7	28	4	8	65	18
156	25 Jan 2016	23:50:26	0	1	2	3	4	5	6	92	11	37	0	72	0	67	0	55	1	0	55	0	29	8	34	4	43	0	86
157	25 Jan 2016	23:51:27	0	1	2	3	4	5	6	100	10	92	0	71	0	76	0	89	0	0	15	0	21	7	81	9	62	5	104
158	25 Jan 2016	23:52:27	0	1	2	3	4	5	6	140	11	50	27	53	0	76	2	72	6	0	80	0	9	5	67	0	65	3	91
159	25 Jan 2016	23:53:27	0	1	2	3	4	5	6	67	7	55	31	95	20	85	1	116	1	0	73	5	80	4	47	0	23	12	85
160	25 Jan 2016	23:54:27	0	1	2	3	4	5	6	120	4	37	6	82	27	19	0	105	0	0	77	5	48	2	77	0	31	31	68
161	25 Jan 2016	23:55:27	0	1	2	3	4	5	6	122	10	28	55	73	36	26	1	129	2	0	131	1	95	0	35	4	46	65	76
162	25 Jan 2016	23:56:27	0	1	2	3	4	5	6	90	15	8	17	22	8	60	0	42	47	0	39	3	19	1	62	3	74	8	75
163	25 Jan 2016	23:57:27	0	1	2	3	4	5	6	94	18	49	68	50	6	57	3	86	7	1	75	4	10	4	61	0	40	4	120
164	25 Jan 2016	23:58:27	0	1	2	3	4	5	6	67	12	11	8	17	5	44	4	86	1	0	58	0	9	7	41	0	74	5	86
165	25 Jan 2016	23:59:27	0	1	2	3	4	5	6	102	31	73	48	106	3	77	0	156	3	0	145	0	12	7	30	0	19	3	75
166	26 Jan 2016	00:00:27	0	1	2	3	4	5	6	83	22	61	18	4	10	67	0	18	25	0	105	0	8	4	28	2	60	0	42
167	26 Jan 2016	00:01:27	0	1	2	3	4	5	6	154	11	73	138	69	6	68	1	127	57	0	69	0	22	4	63	2	64	0	91
168	26 Jan 2016	00:02:27	0	1	2	3	4	5	6	28	0	49	53	73	5	78	4	19	17	3	64	0	12	0	73	5	32	2	58
169	26 Jan 2016	00:03:26	0	1	2	3	4	5	6	97	2	116	103	10	5	80	5	180	15	1	78	0	15	0	50	3	45	0	55
170	26 Jan 2016	00:04:27	0	1	2	3	4	5	6	144	5	32	129	77	13	40	5	129	29	2	43	0	27	5	83	1	58	3	74
171	26 Jan 2016	00:05:27	0	1	2	3	4	5	6	38	3	111	46	39	0	49	7	45	19	6	64	0	50	11	74	2	40	2	87
172	26 Jan 2016	00:06:27	0	1	2	3	4	5	6	27	1	37	61	13	0	12	3	41	18	7	53	0	75	31	83	0	67	1	37
173	26 Jan 2016	00:07:27	0	1	2	3	4	5	6	66	0	21	108	8	0	77	0	84	9	5	55	0	68	4	53	0	90	0	34
174	26 Jan 2016	00:08:27	0	1	2	3	4	5	6	120	4	62	153	42	0	120	0	45	2	1	86	5	10	33	47	0	40	2	46
175	26 Jan 2016	00:09:27	0	1	2	3	4	5	6	135	3	96	115	84	0	56	0	37	0	4	12	5	9	4	26	0	90	2	94
176	26 Jan 2016	00:10:27	0	1	2	3	4	5	6	61	0	33	63	25	0	61	0	69	1	3	109	3	41	6	36	0	47	4	104
177	26 Jan 2016	00:11:27	0	1	2	3	4	5	6	106	2	64	73	60	0	44	0	85	2	3	81	4	88	3	5	0	33	4	32
178	26 Jan 2016	00:12:27	0	1	2	3	4	5	6	118	0	81	122	64	0	44	0	82	8	7	73	4	81	2	74	0	71	2	126
179	26 Jan 2016	00:13:27	0	1	2	3	4	5	6	72	0	38	76	9	0	82	0	61	1	9	153	1	16	0	47	0	79	0	116
180	26 Jan 2016	00:14:27	0	1	2	3	4	5	6	140	0	47	112	28	0	81	0	38	3	6	114	1	76	4	31	0	65	4	31
181	26 Jan 2016	00:15:27	0	1	2	3	4	5	6	77	0	19	81	18	0	50	0	68	1	0	62	5	107	6	62	0	23	7	108
182	26 Jan 2016	00:16:27	0	1	2	3	4	5	6	55	1	82	123	64	0	40	0	143	2	0	108	15	131	3	85	0	74	4	135
183	26 Jan 2016	00:17:27	0	1	2	3	4	5	6	39	2	61	96	5	0	58	0	14	3	0	104	6	130	4	32	1	4	5	73
184	26 Jan 2016	00:18:27	0	1	2	3	4	5	6	51	8	95	114	56	0	50	0	29	6	0	86	2	37	3	29	5	91	0	53
185	26 Jan 2016	00:19:26	0	1	2	3	4	5	6	105	3	83	54	61	0	21	0	51	2	0	73	0	52	2	52	2	29	0	98
186	26 Jan 2016	00:20:27	0	1	2	3	4	5	6	111	0	102	87	38	0	50	0	23	2	0	110	0	65	0	77	2	49	1	87
187	26 Jan 2016	00:21:27	0	1	2	3	4	5	6	91	0	32	44	67	0	26	0	79	4	0	87	0	32	0	60	4	52	8	96
188	26 Jan 2016	00:22:27	0	1	2	3	4	5	6	101	3	69	63	46	0	24	1	82	1	0	77	0	46	25	14	1	31	0	59
189	26 Jan 2016	00:23:27	0	1	2	3	4	5	6	93	8	56	55	67	0	75	1	50	4	0	70	0	82	43	43	1	30	0	73
190	26 Jan 2016	00:24:27	0	1	2	3	4	5	6	32	4	39	95	63	0	50	0	42	4	3	66	0	12	6	84	4	43	3	43
191	26 Jan 2016	00:25:27	0	1	2	3	4	5	6	130	0	47	58	17	0	71	0	45	3	1	86	2	16	6	90	6	61	3	28
192	26 Jan 2016	00:26:27	0	1	2	3	4	5	6	63	2	39	41	26	0	39	0	31	1	2	46	7	19	13	62	4	56	4	65
193	26 Jan 2016	00:27:27	0	1	2	3	4	5	6	108	1	94	79	39	0	61	0	48	0	0	86	0	5	13	54	6	7	3	42
194	26 Jan 2016	00:28:27	0	1	2	3	4	5	6	23	0	72	86	40	0	41	0	90	6	1	88	0	115	11	33	7	40	5	67
195	26 Jan 2016	00:29:27	0	1	2	3	4	5	6	30	0	14	32	86	0	67	4	57	4	0	59	0	58	15	35	6	25	4	119
196	26 Jan 2016	00:30:27	0	1	2	3	4	5	6	74	1	90	9	65	0	60	1	7	5	0	12	0	11	29	71	3	45	6	70
197	26 Jan 2016	00:31:27	0	1	2	3	4	5	6	48	7	92	0	33	0	29	1	11	6	1	58	0	60	25	134	4	87	9	91
198	26 Jan 2016	00:32:27	0	1	2	3	4	5	6	78	2	41	0	121	0	64	0	170	4	5	90	4	52	11	60	6	15	8	46
199	26 Jan 2016	00:33:27	0	1	2	3	4	5	6	42	2	13	0	68	0	50	0	20	8	0	78	2	81	16	55	6	43	9	69
200	26 Jan 2016	00:34:27	0	1	2	3	4	5	6	74	12	133	4	94	0	26	0	40	7	1	35	2	11	0	34	5	86	3	79
201	26 Jan 2016	00:35:27	0	1	2	3	4	5	6	30	4	128	10	32	0	43	3	30	6	0	102	2	101	0	69	5	55	7	86
202	26 Jan 2016	00:36:27	0	1	2	3	4	5	6	153	27	83	3	36	0	37	6	33	6	1	107	0	90	0	52	5	44	8	20
203	26 Jan 2016	00:37:27	0	1	2	3	4	5	6	110	36	15	86	15	0	45	5	46	1	1	51	0	64	0	44	6	67	9	45
204	26 Jan 2016	00:38:27	0	1	2	3	4	5	6	100	14	48	104	52	0	87	6	34	8	2	100	0	83	2	55	5	44	11	177
205	26 Jan 2016	00:39:27	0	1	2	3	4	5	6	106	17	92	95	58	0	65	0	41	10	0	55	0	97	3	60	5	61	8	89
206	26 Jan 2016	00:40:27	0	1	2	3	4	5	6	63	14	31	67	80	0	67	0	87	6	0	92	0	32	3	65	5	50	5	79
207	26 Jan 2016	00:41:27	0	1	2	3	4	5	6	94	17	3	16	44	0	44	0	123	4	0	55	0	51	0	13	2	91	3	123
208	26 Jan 2016	00:42:27	0	1	2	3	4	5	6	48	25	59	141	87	0	41	2	41	5	0	66	0	82	0	47	0	16	2	79
209	26 Jan 2016	00:43:27	0	1	2	3	4	5	6	53	47	20	41	85	0	49	2	44	6	0	87	2	82	0	72	0	6	0	38
210	26 Jan 2016	00:44:27	0	1	2	3	4	5	6	153	13	81	69	62	0	30	2	116	4	1	53	3	13	1	33	0	50	1	59
211	26 Jan 2016	00:45:27	0	1	2	3	4	5	6	83	9	41	70	180	0	21	1	57	5	4	61	3	15	1	44	0	10	0	62
212	26 Jan 2016	00:46:27	0	1	2	3	4	5	6	44	11	60	54	85	0	24	5	69	6	6	108	3	8	6	67	0	73	0	68
213	26 Jan 2016	00:47:27	0	1	2	3	4	5	6	25	15	91	25	33	45	68	4	54	5	5	86	2	13	16	25	0	16	3	24
214	26 Jan 2016	00:48:27	0	1	2	3	4	5	6	113	16	24	114	64	13	59	2	42	5	2	55	0	12	11	50	0	63	3	67
215	26 Jan 2016	00:49:27	0	1	2	3	4	5	6	54	24	16	6	92	7	47	3	71	6	0	48	0	21	25	52	0	47	6	76
216	26 Jan 2016	00:50:27	0	1	2	3	4	5	6	62	21	71	1	12	6	109	3	79	6	0	73	0	8	29	43	0	41	6	74
217	26 Jan 2016	00:51:27	0	1	2	3	4	5	6	155	106	87	9	184	8	41	2	12	1	0	87	0	9	15	26	0	25	0	157
218	26 Jan 2016	00:52:27	0	1	2	3	4	5	6	13	32	57	6	44	5	42	1	49	1	0	57	0	90	5	70	0	45	0	87
219	26 Jan 2016	00:53:27	0	1	2	3	4	5	6	5	14	24	6	7	6	59	0	144	2	3	14	0	35	13	29	0	60	15	100
220	26 Jan 2016	00:54:27	0	1	2	3	4	5	6	22	31	48	0	53	10	38	0	107	1	6	45	3	47	8	73	0	17	84	32
221	26 Jan 2016	00:55:27	0	1	2	3	4	5	6	131	59	82	1	31	15	89	0	53	1	2	65	0	78	4	64	0	29	38	55
222	26 Jan 2016	00:56:27	0	1	2	3	4	5	6	79	55	76	2	39	0	70	1	55	4	0	56	0	42	30	47	0	30	23	49
223	26 Jan 2016	00:57:27	0	1	2	3	4	5	6	186	38	56	16	70	0	22	1	33	4	0	101	0	41	16	17	0	9	37	57
224	26 Jan 2016	00:58:27	0	1	2	3	4	5	6	82	32	94	1	55	5	47	4	35	2	0	83	1	19	4	50	4	72	48	87
225	26 Jan 2016	00:59:27	0	1	2	3	4	5	6	94	25	31	54	4	16	73	1	48	3	1	16	5	12	9	81	7	33	38	32
226	26 Jan 2016	01:00:27	0	1	2	3	4	5	6	202	13	98	145	7	12	65	5	79	2	0	8	5	23	6	51	0	23	5	56
227	26 Jan 2016	01:01:27	0	1	2	3	4	5	6	99	20	48	138	151	12	48	0	56	2	0	8	5	12	3	87	1	65	3	71
228	26 Jan 2016	01:02:27	0	1	2	3	4	5	6	194	9	16	82	11	4	57	0	31	4	0	52	3	6	4	60	1	30	3	67
229	26 Jan 2016	01:03:27	0	1	2	3	4	5	6	129	11	46	55	83	7	82	0	47	10	21	93	3	8	5	114	0	46	9	32
230	26 Jan 2016	01:04:27	0	1	2	3	4	5	6	207	11	76	9	69	6	88	1	62	8	12	34	0	11	3	43	4	76	9	36
231	26 Jan 2016	01:05:27	0	1	2	3	4	5	6	166	14	87	2	122	6	99	0	49	7	10	116	4	63	4	18	2	32	7	70
232	26 Jan 2016	01:06:27	0	1	2	3	4	5	6	147	5	61	0	31	5	46	4	31	4	13	33	4	102	4	129	8	59	8	54
233	26 Jan 2016	01:07:27	0	1	2	3	4	5	6	129	0	110	9	104	6	74	44	24	8	19	6	0	58	1	114	10	54	1	73
234	26 Jan 2016	01:08:27	0	1	2	3	4	5	6	141	0	41	2	45	2	94	77	127	5	16	3	0	86	0	55	7	54	0	111
235	26 Jan 2016	01:09:27	0	1	2	3	4	5	6	55	4	98	75	0	0	33	50	130	8	12	3	0	75	0	65	6	48	0	98
236	26 Jan 2016	01:10:27	0	1	2	3	4	5	6	153	13	66	108	54	3	108	90	124	11	10	0	0	50	5	74	0	41	0	84
237	26 Jan 2016	01:11:27	0	1	2	3	4	5	6	52	3	38	53	111	3	68	84	63	3	20	1	0	88	6	24	0	64	4	167
238	26 Jan 2016	01:12:27	0	1	2	3	4	5	6	112	30	74	172	13	1	69	61	119	2	7	4	1	86	5	118	0	16	3	75
239	26 Jan 2016	01:13:27	0	1	2	3	4	5	6	57	0	19	141	39	0	102	53	36	1	1	10	6	87	5	66	1	17	1	46
240	26 Jan 2016	01:14:27	0	1	2	3	4	5	6	102	4	43	112	20	0	44	68	53	4	0	51	4	59	2	106	1	58	0	111
241	26 Jan 2016	01:15:27	0	1	2	3	4	5	6	129	62	61	72	60	0	11	57	71	2	0	114	5	51	2	134	7	67	0	73
242	26 Jan 2016	01:16:27	0	1	2	3	4	5	6	30	17	78	111	25	2	25	64	31	0	0	23	1	90	4	70	1	0	0	72
243	26 Jan 2016	01:17:27	0	1	2	3	4	5	6	140	19	62	24	28	2	69	9	14	0	4	89	4	84	1	86	0	80	0	39
244	26 Jan 2016	01:18:27	0	1	2	3	4	5	6	123	14	47	122	0	14	36	17	56	0	4	135	3	33	10	81	0	49	0	115
245	26 Jan 2016	01:19:27	0	1	2	3	4	5	6	148	12	124	126	123	33	67	13	160	1	1	53	0	124	25	67	0	5	0	112
246	26 Jan 2016	01:20:27	0	1	2	3	4	5	6	122	14	63	104	56	3	59	10	122	0	6	112	1	38	7	110	2	47	0	93
247	26 Jan 2016	01:21:27	0	1	2	3	4	5	6	104	16	20	32	21	0	61	8	80	0	1	89	4	11	7	56	3	63	0	66
248	26 Jan 2016	01:22:27	0	1	2	3	4	5	6	38	10	49	146	104	0	102	10	121	0	6	59	4	14	10	53	0	45	0	76
249	26 Jan 2016	01:23:27	0	1	2	3	4	5	6	15	18	53	18	47	1	106	12	47	0	6	45	1	36	9	43	1	17	0	93
250	26 Jan 2016	01:24:27	0	1	2	3	4	5	6	87	8	78	13	94	4	93	7	33	0	4	119	0	88	25	99	6	84	0	90
251	26 Jan 2016	01:25:27	0	1	2	3	4	5	6	60	1	34	3	24	4	28	1	32	0	9	14	0	104	3	88	7	66	0	91
252	26 Jan 2016	01:26:26	0	1	2	3	4	5	6	117	0	57	3	49	1	72	0	45	0	2	9	0	101	32	34	7	33	1	50
253	26 Jan 2016	01:27:27	0	1	2	3	4	5	6	83	15	48	3	73	0	63	0	72	0	5	105	0	85	48	125	6	76	2	61
254	26 Jan 2016	01:28:27	0	1	2	3	4	5	6	105	21	37	0	10	1	26	0	40	1	6	50	0	81	42	81	8	55	0	27
255	26 Jan 2016	01:29:27	0	1	2	3	4	5	6	35	57	72	1	34	7	91	6	124	5	1	101	0	35	25	44	4	28	0	101
256	26 Jan 2016	01:30:27	0	1	2	3	4	5	6	103	40	49	2	91	0	83	4	89	10	1	71	0	19	5	92	0	56	10	81
257	26 Jan 2016	01:31:27	0	1	2	3	4	5	6	91	20	26	2	35	61	105	0	18	6	1	63	1	92	4	28	0	37	11	86
258	26 Jan 2016	01:32:27	0	1	2	3	4	5	6	39	5	24	3	39	0	71	4	34	5	0	26	1	54	3	107	3	50	13	10
259	26 Jan 2016	01:33:27	0	1	2	3	4	5	6	56	3	84	2	38	3	25	2	37	0	0	50	0	71	1	110	1	48	28	122
260	26 Jan 2016	01:34:27	0	1	2	3	4	5	6	90	0	48	0	116	0	44	0	21	10	0	112	3	11	0	69	7	53	0	86
261	26 Jan 2016	01:35:27	0	1	2	3	4	5	6	36	0	71	1	0	0	64	1	24	5	0	96	3	62	0	73	7	29	0	33
262	26 Jan 2016	01:36:27	0	1	2	3	4	5	6	10	1	71	4	80	12	64	5	55	7	0	62	6	104	0	78	14	58	0	113
263	26 Jan 2016	01:37:27	0	1	2	3	4	5	6	120	0	53	6	74	7	48	3	170	7	0	69	4	97	1	30	0	89	0	72
264	26 Jan 2016	01:38:27	0	1	2	3	4	5	6	52	0	66	8	13	3	14	1	45	16	1	81	1	90	0	51	2	22	0	73
265	26 Jan 2016	01:39:27	0	1	2	3	4	5	6	113	0	54	2	99	3	41	3	53	5	3	39	3	13	0	50	1	54	0	106
266	26 Jan 2016	01:40:28	0	1	2	3	4	5	6	12	2	49	7	23	5	101	3	37	3	0	43	0	84	4	22	3	47	0	8
267	26 Jan 2016	01:41:27	0	1	2	3	4	5	6	93	3	84	7	30	38	96	9	41	8	0	12	0	43	0	22	1	60	0	151
268	26 Jan 2016	01:42:27	0	1	2	3	4	5	6	60	5	30	9	55	16	67	2	44	6	3	54	0	43	2	98	0	68	7	52
269	26 Jan 2016	01:43:27	0	1	2	3	4	5	6	58	13	51	4	40	7	33	0	16	11	0	107	1	106	0	88	0	24	21	103
270	26 Jan 2016	01:44:27	0	1	2	3	4	5	6	100	13	49	0	66	0	42	2	35	19	0	32	0	84	0	53	0	39	10	65
271	26 Jan 2016	01:45:27	0	1	2	3	4	5	6	82	27	70	0	15	6	73	5	115	3	0	65	0	12	0	27	0	56	6	77
272	26 Jan 2016	01:46:27	0	1	2	3	4	5	6	138	21	40	3	79	2	75	2	48	1	0	132	9	11	0	50	0	1	16	74
273	26 Jan 2016	01:47:27	0	1	2	3	4	5	6	104	37	60	8	65	9	33	2	57	7	0	84	0	82	0	78	0	80	23	55
274	26 Jan 2016	01:48:27	0	1	2	3	4	5	6	7	25	100	5	3	27	34	0	59	4	0	48	0	77	1	31	0	37	1	101
275	26 Jan 2016	01:49:27	0	1	2	3	4	5	6	148	24	78	5	89	21	27	0	77	2	0	93	0	25	2	17	0	46	0	137
276	26 Jan 2016	01:50:27	0	1	2	3	4	5	6	107	19	67	0	12	15	78	0	27	1	0	71	3	93	0	77	0	40	3	98
277	26 Jan 2016	01:51:27	0	1	2	3	4	5	6	64	15	27	0	34	22	35	0	140	5	1	86	2	16	0	73	2	29	0	104
278	26 Jan 2016	01:52:27	0	1	2	3	4	5	6	98	3	37	0	33	16	41	0	173	4	0	55	1	41	0	67	3	44	0	79
279	26 Jan 2016	01:53:27	0	1	2	3	4	5	6	19	0	80	0	43	82	39	0	46	7	13	6	3	89	0	10	1	17	2	58
280	26 Jan 2016	01:54:27	0	1	2	3	4	5	6	33	0	81	0	71	73	29	0	142	9	1	31	0	66	0	36	0	55	17	50
281	26 Jan 2016	01:55:27	0	1	2	3	4	5	6	9	3	51	1	30	16	43	0	28	8	0	94	10	41	1	83	7	29	3	8
282	26 Jan 2016	01:56:27	0	1	2	3	4	5	6	34	14	82	2	93	8	44	0	64	10	0	40	4	73	1	108	5	42	0	97
283	26 Jan 2016	01:57:27	0	1	2	3	4	5	6	86	11	75	5	79	5	42	0	47	8	0	85	2	13	0	110	4	41	0	64
284	26 Jan 2016	01:58:27	0	1	2	3	4	5	6	62	12	35	7	12	2	49	0	45	10	0	76	0	62	5	114	3	55	0	79
285	26 Jan 2016	01:59:27	0	1	2	3	4	5	6	57	7	58	8	87	0	89	1	57	7	15	97	0	48	1	67	0	44	0	110
286	26 Jan 2016	02:00:27	0	1	2	3	4	5	6	62	6	24	11	75	5	37	4	33	10	9	68	0	85	2	95	0	39	0	77
287	26 Jan 2016	02:01:27	0	1	2	3	4	5	6	60	8	47	5	64	6	45	0	62	8	4	113	0	11	1	72	0	51	0	51
288	26 Jan 2016	02:02:27	0	1	2	3	4	5	6	119	6	27	2	50	2	53	2	44	6	75	49	2	88	4	75	0	30	0	69
289	26 Jan 2016	02:03:27	0	1	2	3	4	5	6	156	3	45	5	33	0	91	5	40	3	38	48	8	26	5	87	0	8	1	115
290	26 Jan 2016	02:04:27	0	1	2	3	4	5	6	97	0	57	9	62	0	90	3	103	4	21	46	6	20	0	52	3	15	6	115
291	26 Jan 2016	02:05:27	0	1	2	3	4	5	6	90	0	50	7	24	2	110	1	42	6	15	101	0	43	28	72	4	54	4	74
292	26 Jan 2016	02:06:27	0	1	2	3	4	5	6	107	1	77	23	26	5	51	2	62	2	0	43	1	52	37	41	2	26	4	20
293	26 Jan 2016	02:07:27	0	1	2	3	4	5	6	122	5	16	4	59	10	64	3	40	3	0	89	0	23	60	47	4	43	2	73
294	26 Jan 2016	02:08:28	0	1	2	3	4	5	6	51	4	118	1	46	13	18	5	55	3	0	52	0	69	2	44	0	32	3	43
295	26 Jan 2016	02:09:27	0	1	2	3	4	5	6	86	18	95	4	31	13	64	0	41	2	0	47	1	58	23	71	0	16	3	86
296	26 Jan 2016	02:10:27	0	1	2	3	4	5	6	42	31	51	9	41	14	75	0	21	0	2	75	0	37	36	61	1	22	7	47
297	26 Jan 2016	02:11:28	0	1	2	3	4	5	6	112	14	36	12	88	14	35	0	65	5	24	47	0	33	6	40	0	31	4	30
298	26 Jan 2016	02:12:27	0	1	2	3	4	5	6	61	10	33	3	42	20	73	0	68	1	53	4	0	19	22	70	4	32	11	34
299	26 Jan 2016	02:13:27	0	1	2	3	4	5	6	85	3	90	9	37	27	52	21	57	6	23	60	0	84	6	58	8	44	0	36
300	26 Jan 2016	02:14:27	0	1	2	3	4	5	6	59	1	23	10	21	41	47	9	77	4	84	62	0	34	24	23	11	53	7	43
301	26 Jan 2016	02:15:27	0	1	2	3	4	5	6	140	9	64	1	82	6	73	42	116	7	0	49	0	124	4	101	4	43	19	77
302	26 Jan 2016	02:16:28	0	1	2	3	4	5	6	20	35	11	2	61	8	54	36	63	7	3	18	0	12	6	91	3	34	3	64
303	26 Jan 2016	02:17:27	0	1	2	3	4	5	6	121	59	55	12	86	5	53	15	57	7	5	76	1	92	25	94	5	22	2	37
304	26 Jan 2016	02:18:27	0	1	2	3	4	5	6	58	4	49	2	44	7	63	40	81	8	21	140	0	30	8	20	7	37	1	26
305	26 Jan 2016	02:19:27	0	1	2	3	4	5	6	104	61	133	3	34	92	54	5	53	2	14	47	0	136	6	96	5	50	3	8
306	26 Jan 2016	02:20:27	0	1	2	3	4	5	6	54	21	33	1	119	33	40	0	144	0	5	66	0	57	10	63	7	25	1	13
307	26 Jan 2016	02:21:27	0	1	2	3	4	5	6	58	10	136	4	38	68	52	0	10	1	30	28	0	33	48	18	6	78	3	90
308	26 Jan 2016	02:22:27	0	1	2	3	4	5	6	239	10	32	6	47	14	30	0	115	2	29	9	0	6	12	46	5	49	1	86
309	26 Jan 2016	02:23:27	0	1	2	3	4	5	6	60	7	88	2	51	28	75	0	72	12	5	51	3	83	5	75	6	60	0	74
310	26 Jan 2016	02:24:27	0	1	2	3	4	5	6	130	7	49	1	62	22	57	2	16	6	7	67	4	73	22	93	6	18	0	42
311	26 Jan 2016	02:25:27	0	1	2	3	4	5	6	143	10	69	3	38	2	35	1	106	6	1	109	5	43	5	67	5	16	0	81
312	26 Jan 2016	02:26:27	0	1	2	3	4	5	6	57	6	68	2	34	3	17	0	38	9	3	31	3	74	5	64	3	8	1	46
313	26 Jan 2016	02:27:27	0	1	2	3	4	5	6	75	0	77	1	57	2	100	0	44	6	2	72	6	60	5	36	4	53	2	126
314	26 Jan 2016	02:28:27	0	1	2	3	4	5	6	117	0	92	0	45	0	67	0	45	6	1	90	3	11	32	56	6	37	7	71
315	26 Jan 2016	02:29:27	0	1	2	3	4	5	6	78	2	37	0	71	2	22	0	28	7	4	105	7	19	5	49	4	28	5	58
316	26 Jan 2016	02:30:27	0	1	2	3	4	5	6	49	3	43	0	34	5	67	0	27	4	3	121	1	84	5	74	2	29	3	40
317	26 Jan 2016	02:31:27	0	1	2	3	4	5	6	5	4	31	0	54	7	63	0	21	12	9	73	3	46	6	68	0	42	6	53
318	26 Jan 2016	02:32:27	0	1	2	3	4	5	6	51	4	85	0	63	2	74	1	72	11	1	22	5	66	6	75	0	31	3	50
319	26 Jan 2016	02:33:27	0	1	2	3	4	5	6	100	5	74	0	18	2	29	0	41	3	0	84	5	9	2	90	1	17	6	101
320	26 Jan 2016	02:34:27	0	1	2	3	4	5	6	76	6	44	0	44	7	73	42	37	5	0	47	3	6	0	100	0	3	6	31
321	26 Jan 2016	02:35:27	0	1	2	3	4	5	6	91	4	30	0	79	0	86	7	24	1	0	118	0	76	0	72	0	46	3	37
322	26 Jan 2016	02:36:27	0	1	2	3	4	5	6	91	8	47	0	59	20	29	10	144	1	0	91	1	77	0	50	2	59	0	56
323	26 Jan 2016	02:37:27	0	1	2	3	4	5	6	105	3	67	0	81	11	16	33	32	7	0	43	1	11	51	47	0	24	1	39
324	26 Jan 2016	02:38:26	0	1	2	3	4	5	6	162	1	83	0	85	27	52	31	70	9	0	56	3	82	29	30	0	11	0	118
325	26 Jan 2016	02:39:27	0	1	2	3	4	5	6	54	10	141	0	0	33	111	17	58	9	0	41	0	40	8	65	0	69	1	52
326	26 Jan 2016	02:40:27	0	1	2	3	4	5	6	123	12	53	0	120	26	111	0	43	4	0	9	0	47	7	67	0	38	2	60
327	26 Jan 2016	02:41:27	0	1	2	3	4	5	6	98	18	48	0	17	9	97	24	37	2	0	82	0	107	6	63	1	16	7	73
328	26 Jan 2016	02:42:27	0	1	2	3	4	5	6	118	35	99	0	101	3	55	23	116	0	1	57	0	78	12	74	0	47	0	42
329	26 Jan 2016	02:43:27	0	1	2	3	4	5	6	25	1	124	0	54	13	26	59	119	15	1	88	0	17	23	67	0	40	0	104
330	26 Jan 2016	02:44:27	0	1	2	3	4	5	6	124	9	95	0	33	46	87	14	108	4	0	113	0	16	81	45	4	13	2	76
331	26 Jan 2016	02:45:27	0	1	2	3	4	5	6	60	0	76	0	76	64	65	9	83	6	0	48	0	27	70	77	9	54	0	30
332	26 Jan 2016	02:46:27	0	1	2	3	4	5	6	84	1	113	0	86	25	42	15	36	11	0	76	1	83	12	52	8	60	0	57
333	26 Jan 2016	02:47:27	0	1	2	3	4	5	6	51	0	96	0	97	16	97	23	50	11	3	95	7	29	3	17	4	0	0	137
334	26 Jan 2016	02:48:27	0	1	2	3	4	5	6	48	0	70	0	56	8	72	11	32	11	7	71	3	86	0	63	1	60	0	117
335	26 Jan 2016	02:49:27	0	1	2	3	4	5	6	89	1	84	0	25	10	45	18	61	5	7	84	8	14	1	79	7	3	0	92
336	26 Jan 2016	02:50:27	0	1	2	3	4	5	6	34	0	37	0	83	27	85	9	93	8	1	64	6	8	5	59	0	0	0	66
337	26 Jan 2016	02:51:26	0	1	2	3	4	5	6	27	0	58	0	66	21	65	2	34	8	2	57	5	9	7	93	0	21	0	61
338	26 Jan 2016	02:52:27	0	1	2	3	4	5	6	173	94	38	0	86	13	85	0	69	6	2	65	3	13	8	72	1	0	0	32
339	26 Jan 2016	02:53:27	0	1	2	3	4	5	6	128	35	73	0	23	1	67	0	83	15	5	62	5	21	7	81	0	47	0	68
340	26 Jan 2016	02:54:27	0	1	2	3	4	5	6	126	3	62	0	50	0	74	0	54	34	0	107	3	24	10	124	4	68	2	62
341	26 Jan 2016	02:55:27	0	1	2	3	4	5	6	97	3	44	0	0	1	71	3	46	39	8	90	1	18	8	6	6	13	9	119
342	26 Jan 2016	02:56:27	0	1	2	3	4	5	6	71	5	60	25	65	6	112	1	17	5	5	49	6	12	6	37	3	8	0	73
343	26 Jan 2016	02:57:27	0	1	2	3	4	5	6	106	3	65	13	42	8	68	0	7	9	0	61	8	15	8	64	6	12	0	48
344	26 Jan 2016	02:58:27	0	1	2	3	4	5	6	88	29	98	23	26	0	85	1	151	7	0	44	5	14	5	61	5	60	0	60
345	26 Jan 2016	02:59:27	0	1	2	3	4	5	6	35	1	82	24	49	1	59	0	91	6	1	50	7	6	3	28	11	40	0	72
346	26 Jan 2016	03:00:27	0	1	2	3	4	5	6	95	16	62	113	78	0	51	0	95	7	0	85	3	7	0	46	1	4	0	67
347	26 Jan 2016	03:01:26	0	1	2	3	4	5	6	87	20	34	107	34	0	52	1	25	7	8	87	4	4	0	67	6	23	3	5
348	26 Jan 2016	03:02:27	0	1	2	3	4	5	6	98	22	74	108	68	0	47	3	36	7	0	69	6	16	0	15	1	73	15	40
349	26 Jan 2016	03:03:27	0	1	2	3	4	5	6	53	21	121	50	35	6	62	11	62	9	0	80	4	25	0	54	0	46	0	95
350	26 Jan 2016	03:04:27	0	1	2	3	4	5	6	40	16	73	78	27	33	60	6	31	7	2	33	0	79	0	32	0	44	6	73
351	26 Jan 2016	03:05:27	0	1	2	3	4	5	6	122	45	96	45	15	2	47	11	41	17	6	48	5	41	3	87	0	10	0	47
352	26 Jan 2016	03:06:27	0	1	2	3	4	5	6	105	17	23	89	63	3	63	2	95	1	6	64	7	22	3	75	0	45	28	109
353	26 Jan 2016	03:07:27	0	1	2	3	4	5	6	56	34	72	141	52	3	51	1	30	2	3	53	5	51	24	80	1	15	39	138
354	26 Jan 2016	03:08:27	0	1	2	3	4	5	6	21	23	79	88	64	2	30	1	86	16	4	71	7	85	26	21	0	43	16	69
355	26 Jan 2016	03:09:27	0	1	2	3	4	5	6	145	14	64	88	67	1	58	20	76	17	4	27	3	57	26	30	7	9	0	72
356	26 Jan 2016	03:10:27	0	1	2	3	4	5	6	87	7	63	94	28	2	42	27	138	6	8	54	7	55	17	40	2	34	1	88
357	26 Jan 2016	03:11:27	0	1	2	3	4	5	6	118	3	15	64	86	20	19	0	70	8	5	55	6	12	6	103	1	30	0	75
358	26 Jan 2016	03:12:27	0	1	2	3	4	5	6	39	28	26	67	40	8	85	1	42	12	0	15	6	87	46	35	1	48	1	86
359	26 Jan 2016	03:13:27	0	1	2	3	4	5	6	94	7	82	103	85	12	138	0	119	25	1	85	8	85	3	20	1	37	3	42
360	26 Jan 2016	03:14:27	0	1	2	3	4	5	6	21	25	63	99	76	21	62	0	77	0	3	91	4	60	2	65	0	20	3	70
361	26 Jan 2016	03:15:27	0	1	2	3	4	5	6	152	0	29	112	0	14	51	0	55	6	0	55	4	57	6	64	4	21	4	42
362	26 Jan 2016	03:16:27	0	1	2	3	4	5	6	60	0	111	130	95	5	85	0	58	8	0	94	5	41	3	14	5	18	4	44
363	26 Jan 2016	03:17:27	0	1	2	3	4	5	6	32	5	105	148	74	18	85	1	70	4	0	97	6	45	0	125	60	32	5	60
364	26 Jan 2016	03:18:27	0	1	2	3	4	5	6	16	0	96	72	58	30	104	3	47	4	0	64	8	68	2	59	97	32	5	58
365	26 Jan 2016	03:19:27	0	1	2	3	4	5	6	119	0	46	61	72	6	96	1	57	2	0	41	3	14	2	47	100	20	19	41
366	26 Jan 2016	03:20:27	0	1	2	3	4	5	6	36	0	51	116	66	6	82	0	57	3	0	11	3	79	4	70	139	32	21	52
367	26 Jan 2016	03:21:27	0	1	2	3	4	5	6	100	1	64	98	19	10	45	0	138	3	0	108	4	86	4	120	132	10	31	48
368	26 Jan 2016	03:22:27	0	1	2	3	4	5	6	53	0	36	126	80	5	8	0	92	0	0	66	2	88	2	63	176	0	4	38
369	26 Jan 2016	03:23:27	0	1	2	3	4	5	6	81	0	80	69	51	5	15	2	46	2	0	62	9	80	3	84	94	59	1	20
370	26 Jan 2016	03:24:27	0	1	2	3	4	5	6	35	0	69	54	38	3	56	7	82	1	0	95	38	89	3	77	141	64	2	138
371	26 Jan 2016	03:25:26	0	1	2	3	4	5	6	72	2	72	63	24	2	65	0	80	5	0	57	57	73	0	82	93	2	2	63
372	26 Jan 2016	03:26:27	0	1	2	3	4	5	6	92	7	24	15	0	6	43	0	115	2	0	63	25	43	2	133	89	48	2	71
373	26 Jan 2016	03:27:27	0	1	2	3	4	5	6	23	5	19	24	87	4	12	4	52	7	0	35	73	13	5	81	104	58	2	63
374	26 Jan 2016	03:28:27	0	1	2	3	4	5	6	63	1	103	114	56	1	39	0	98	7	0	70	53	143	5	7	30	29	0	131
375	26 Jan 2016	03:29:27	0	1	2	3	4	5	6	87	0	39	108	0	4	77	0	60	9	0	136	84	23	4	101	108	48	0	61
376	26 Jan 2016	03:30:27	0	1	2	3	4	5	6	71	1	47	77	63	3	58	0	16	6	7	111	52	9	3	94	120	52	4	68
377	26 Jan 2016	03:31:27	0	1	2	3	4	5	6	82	4	127	116	39	44	90	0	76	8	31	90	57	12	4	75	97	56	2	91
378	26 Jan 2016	03:32:27	0	1	2	3	4	5	6	23	7	61	28	73	107	83	0	39	1	27	82	57	98	1	101	89	59	1	110
379	26 Jan 2016	03:33:27	0	1	2	3	4	5	6	15	4	116	48	10	71	59	0	43	3	31	11	79	70	1	110	99	10	1	59
380	26 Jan 2016	03:34:27	0	1	2	3	4	5	6	85	5	39	110	49	8	41	0	64	6	94	120	70	8	2	66	61	16	0	46
381	26 Jan 2016	03:35:27	0	1	2	3	4	5	6	67	3	16	64	27	5	48	0	70	9	26	19	44	38	2	78	58	63	2	33
382	26 Jan 2016	03:36:27	0	1	2	3	4	5	6	78	3	56	70	68	65	62	3	76	9	41	117	67	67	1	68	81	50	1	122
383	26 Jan 2016	03:37:27	0	1	2	3	4	5	6	21	2	25	48	0	9	66	13	67	0	51	76	21	45	0	17	27	30	3	59
384	26 Jan 2016	03:38:27	0	1	2	3	4	5	6	98	0	87	9	24	11	57	6	79	7	91	49	43	82	1	20	90	43	7	87
385	26 Jan 2016	03:39:27	0	1	2	3	4	5	6	127	23	72	85	78	9	70	0	70	5	25	138	61	91	0	100	54	18	5	102
386	26 Jan 2016	03:40:27	0	1	2	3	4	5	6	56	14	109	102	36	9	61	5	44	3	23	68	74	42	1	67	51	39	6	40
387	26 Jan 2016	03:41:27	0	1	2	3	4	5	6	142	1	26	86	20	0	71	1	83	1	135	105	73	36	2	86	33	46	1	64
388	26 Jan 2016	03:42:27	0	1	2	3	4	5	6	138	0	9	86	30	3	68	3	51	4	100	50	35	54	1	76	100	24	3	56
389	26 Jan 2016	03:43:27	0	1	2	3	4	5	6	84	18	54	36	42	5	53	7	22	0	144	57	78	111	4	49	102	100	0	47
390	26 Jan 2016	03:44:27	0	1	2	3	4	5	6	155	2	94	87	26	8	101	3	102	0	73	43	83	84	1	103	97	35	0	32
391	26 Jan 2016	03:45:27	0	1	2	3	4	5	6	125	1	74	29	90	7	28	1	79	4	66	27	34	15	0	94	54	105	0	129
392	26 Jan 2016	03:46:27	0	1	2	3	4	5	6	122	3	35	4	49	6	81	0	36	3	83	12	80	11	2	36	81	57	0	48
393	26 Jan 2016	03:47:27	0	1	2	3	4	5	6	79	2	51	8	62	6	49	0	4	1	16	17	71	11	0	63	7	29	0	50
394	26 Jan 2016	03:48:27	0	1	2	3	4	5	6	92	6	74	0	28	5	54	0	78	5	95	11	71	12	1	71	43	73	0	32
395	26 Jan 2016	03:49:27	0	1	2	3	4	5	6	36	6	49	4	46	5	16	1	33	2	63	24	11	12	5	93	90	38	0	78
396	26 Jan 2016	03:50:27	0	1	2	3	4	5	6	140	1	48	1	85	1	80	1	69	1	19	22	80	93	0	63	61	0	0	54
397	26 Jan 2016	03:51:27	0	1	2	3	4	5	6	135	0	66	0	37	1	75	14	45	2	6	72	26	62	0	80	55	75	1	101
398	26 Jan 2016	03:52:26	0	1	2	3	4	5	6	47	1	61	0	33	1	68	71	36	4	4	38	3	83	0	38	101	42	0	45
399	26 Jan 2016	03:53:26	0	1	2	3	4	5	6	64	0	37	0	18	1	64	57	45	1	1	59	1	14	0	67	44	8	0	44
400	26 Jan 2016	03:54:27	0	1	2	3	4	5	6	103	2	37	0	41	3	43	69	73	2	1	63	2	20	0	91	114	59	2	75
401	26 Jan 2016	03:55:27	0	1	2	3	4	5	6	39	1	52	0	18	3	81	45	44	2	0	99	4	21	0	29	70	14	1	79
402	26 Jan 2016	03:56:27	0	1	2	3	4	5	6	40	18	44	0	53	7	84	49	76	3	0	52	6	25	8	25	104	47	2	74
403	26 Jan 2016	03:57:27	0	1	2	3	4	5	6	89	1	24	0	45	6	66	10	85	26	1	47	3	14	19	9	77	22	29	86
404	26 Jan 2016	03:58:27	0	1	2	3	4	5	6	52	7	88	0	28	6	57	7	119	6	2	26	4	15	74	53	4	21	47	23
405	26 Jan 2016	03:59:27	0	1	2	3	4	5	6	41	9	64	0	24	8	39	7	48	0	2	76	4	13	124	94	96	58	6	46
406	26 Jan 2016	04:00:27	0	1	2	3	4	5	6	96	0	55	0	57	6	55	9	112	0	1	81	0	20	21	59	87	44	32	91
407	26 Jan 2016	04:01:27	0	1	2	3	4	5	6	75	0	62	3	41	0	74	2	55	8	0	111	4	21	16	81	61	79	16	56
408	26 Jan 2016	04:02:27	0	1	2	3	4	5	6	100	5	45	3	88	2	99	8	32	8	0	67	5	5	8	57	50	35	0	73
409	26 Jan 2016	04:03:27	0	1	2	3	4	5	6	128	4	110	5	47	8	70	6	75	5	0	102	1	13	7	32	101	30	1	126
410	26 Jan 2016	04:04:27	0	1	2	3	4	5	6	60	5	28	6	10	5	85	4	109	14	0	71	0	95	10	38	57	43	12	110
411	26 Jan 2016	04:05:27	0	1	2	3	4	5	6	60	22	117	10	76	7	51	6	69	2	0	40	4	70	26	101	96	46	7	49
412	26 Jan 2016	04:06:27	0	1	2	3	4	5	6	26	17	60	6	45	8	45	6	76	5	0	75	2	73	20	30	20	9	8	95
413	26 Jan 2016	04:07:26	0	1	2	3	4	5	6	84	30	57	0	50	4	82	6	83	3	3	102	3	28	127	63	0	84	4	56
414	26 Jan 2016	04:08:27	0	1	2	3	4	5	6	51	5	67	1	50	0	66	6	117	2	6	107	6	71	5	97	6	33	5	157
415	26 Jan 2016	04:09:27	0	1	2	3	4	5	6	106	1	104	1	32	1	116	6	45	5	5	130	4	21	9	82	6	0	2	107
416	26 Jan 2016	04:10:27	0	1	2	3	4	5	6	97	0	39	2	45	1	71	0	46	7	3	49	3	39	0	53	5	64	0	52
417	26 Jan 2016	04:11:27	0	1	2	3	4	5	6	71	11	25	5	40	1	64	0	72	5	2	75	4	95	1	87	4	40	1	32
418	26 Jan 2016	04:12:27	0	1	2	3	4	5	6	82	57	46	4	6	0	55	0	57	0	0	17	0	11	0	42	1	30	1	39
419	26 Jan 2016	04:13:26	0	1	2	3	4	5	6	49	44	47	6	6	0	32	0	52	3	9	15	3	131	0	21	5	30	3	43
420	26 Jan 2016	04:14:27	0	1	2	3	4	5	6	36	13	88	4	63	0	139	0	41	11	5	109	5	42	0	32	2	42	3	46
421	26 Jan 2016	04:15:27	0	1	2	3	4	5	6	57	15	82	10	61	1	80	0	28	5	1	92	6	76	0	53	1	80	7	28
422	26 Jan 2016	04:16:27	0	1	2	3	4	5	6	93	11	35	10	3	1	121	1	98	8	3	46	5	89	0	75	0	69	10	43
423	26 Jan 2016	04:17:27	0	1	2	3	4	5	6	86	19	68	4	91	0	101	1	44	4	6	95	5	46	0	10	0	67	13	79
424	26 Jan 2016	04:18:27	0	1	2	3	4	5	6	118	44	115	6	84	0	42	0	24	3	8	39	3	39	0	70	0	24	12	61
425	26 Jan 2016	04:19:26	0	1	2	3	4	5	6	30	13	35	8	45	1	103	0	7	6	5	64	7	87	1	47	0	61	7	48
426	26 Jan 2016	04:20:27	0	1	2	3	4	5	6	92	4	34	7	26	2	88	0	13	7	1	110	5	84	0	54	0	60	9	31
427	26 Jan 2016	04:21:27	0	1	2	3	4	5	6	67	0	48	2	58	3	56	0	42	3	1	89	5	79	1	110	0	23	11	131
428	26 Jan 2016	04:22:27	0	1	2	3	4	5	6	83	1	32	1	55	6	161	9	48	4	3	22	6	103	3	53	0	41	11	89
429	26 Jan 2016	04:23:26	0	1	2	3	4	5	6	30	5	79	1	5	3	80	6	25	5	2	85	3	28	1	76	0	37	8	62
430	26 Jan 2016	04:24:27	0	1	2	3	4	5	6	151	2	46	2	96	1	83	2	140	2	0	113	3	27	0	94	0	47	8	41
431	26 Jan 2016	04:25:27	0	1	2	3	4	5	6	32	3	45	5	14	5	45	4	39	5	2	52	5	49	8	21	1	70	8	22
432	26 Jan 2016	04:26:27	0	1	2	3	4	5	6	61	1	66	0	17	1	77	0	124	4	3	120	4	96	6	28	9	33	7	117
433	26 Jan 2016	04:27:27	0	1	2	3	4	5	6	67	4	36	0	37	1	81	0	131	5	1	46	4	23	5	53	37	30	5	108
434	26 Jan 2016	04:28:27	0	1	2	3	4	5	6	52	3	126	0	82	0	93	0	90	10	6	106	2	47	6	37	45	42	7	97
435	26 Jan 2016	04:29:27	0	1	2	3	4	5	6	153	0	23	0	64	3	77	2	23	6	5	75	0	42	7	61	20	25	8	21
436	26 Jan 2016	04:30:27	0	1	2	3	4	5	6	92	1	62	0	24	1	41	14	46	2	8	46	1	96	7	75	1	53	8	33
437	26 Jan 2016	04:31:28	0	1	2	3	4	5	6	116	0	32	0	3	2	62	7	15	9	2	28	0	28	5	30	28	27	4	100
438	26 Jan 2016	04:32:27	0	1	2	3	4	5	6	59	0	76	0	27	0	87	5	44	9	0	21	0	57	7	65	87	48	3	117
439	26 Jan 2016	04:33:27	0	1	2	3	4	5	6	13	0	46	0	65	0	64	5	140	8	3	14	0	15	9	41	88	24	3	112
440	26 Jan 2016	04:34:27	0	1	2	3	4	5	6	22	4	58	1	37	0	62	8	122	2	1	69	0	17	8	61	128	80	30	98
441	26 Jan 2016	04:35:26	0	1	2	3	4	5	6	77	38	45	0	73	0	39	6	131	0	5	64	0	97	17	50	83	27	81	92
442	26 Jan 2016	04:36:27	0	1	2	3	4	5	6	87	26	47	1	68	0	81	9	35	0	4	85	3	20	7	64	62	40	14	97
443	26 Jan 2016	04:37:27	0	1	2	3	4	5	6	19	23	31	3	30	1	64	13	127	0	4	137	5	46	6	66	30	45	12	52
444	26 Jan 2016	04:38:27	0	1	2	3	4	5	6	41	20	105	6	76	1	57	11	85	0	6	48	6	102	8	56	40	46	3	111
445	26 Jan 2016	04:39:27	0	1	2	3	4	5	6	88	17	57	5	69	7	71	0	89	0	3	61	1	77	0	77	40	39	4	48
446	26 Jan 2016	04:40:27	0	1	2	3	4	5	6	52	4	35	2	15	6	71	3	26	0	0	72	3	114	0	35	13	5	4	102
447	26 Jan 2016	04:41:27	0	1	2	3	4	5	6	115	2	39	4	15	3	31	2	46	0	1	67	5	61	1	75	9	64	8	71
448	26 Jan 2016	04:42:26	0	1	2	3	4	5	6	37	7	71	7	64	7	47	1	30	0	5	78	4	38	1	37	66	54	37	68
449	26 Jan 2016	04:43:27	0	1	2	3	4	5	6	61	39	95	2	48	5	76	1	76	0	1	88	2	30	5	58	1	23	24	57
450	26 Jan 2016	04:44:27	0	1	2	3	4	5	6	93	19	29	4	68	8	50	0	41	0	0	8	1	14	0	17	3	11	37	41
451	26 Jan 2016	04:45:27	0	1	2	3	4	5	6	59	66	123	0	31	6	40	2	65	0	0	63	0	21	0	67	29	49	33	51
452	26 Jan 2016	04:46:26	0	1	2	3	4	5	6	78	48	47	1	70	9	50	5	90	0	0	60	0	7	6	92	14	62	1	24
453	26 Jan 2016	04:47:27	0	1	2	3	4	5	6	51	49	27	0	36	14	70	1	58	0	0	90	0	123	6	85	1	41	41	84
454	26 Jan 2016	04:48:27	0	1	2	3	4	5	6	37	18	63	3	23	4	79	1	139	0	0	93	0	64	1	68	1	0	11	65
455	26 Jan 2016	04:49:27	0	1	2	3	4	5	6	82	15	41	5	50	8	103	0	64	0	12	60	0	145	1	52	3	103	10	128
456	26 Jan 2016	04:50:27	0	1	2	3	4	5	6	56	1	72	3	80	5	69	0	47	0	32	8	0	67	2	88	1	0	86	98
457	26 Jan 2016	04:51:27	0	1	2	3	4	5	6	84	1	72	1	69	5	55	0	34	0	17	19	0	47	1	68	1	88	57	78
458	26 Jan 2016	04:52:27	0	1	2	3	4	5	6	95	4	73	2	52	7	74	3	47	0	65	113	0	23	1	14	1	41	39	81
459	26 Jan 2016	04:53:27	0	1	2	3	4	5	6	93	7	19	8	45	7	43	2	122	0	89	175	5	31	5	44	0	3	37	129
460	26 Jan 2016	04:54:27	0	1	2	3	4	5	6	85	13	25	6	77	14	48	1	66	0	91	86	3	119	0	128	0	27	41	68
461	26 Jan 2016	04:55:27	0	1	2	3	4	5	6	114	11	126	3	23	9	47	3	88	0	103	44	9	39	6	58	0	57	39	75
462	26 Jan 2016	04:56:27	0	1	2	3	4	5	6	8	10	84	2	70	21	53	4	126	0	117	70	7	15	8	52	0	34	3	92
463	26 Jan 2016	04:57:27	0	1	2	3	4	5	6	55	9	44	1	42	3	84	3	86	0	92	74	12	6	6	45	0	23	2	39
464	26 Jan 2016	04:58:27	0	1	2	3	4	5	6	19	11	56	5	28	5	99	4	109	0	145	19	3	54	7	50	0	59	6	121
465	26 Jan 2016	04:59:27	0	1	2	3	4	5	6	66	2	40	5	20	4	117	6	39	0	23	72	3	94	8	91	0	44	5	77
466	26 Jan 2016	05:00:27	0	1	2	3	4	5	6	69	52	87	7	38	8	51	4	147	0	12	45	1	28	3	46	1	13	2	59
467	26 Jan 2016	05:01:26	0	1	2	3	4	5	6	77	43	27	4	44	4	56	7	23	0	8	15	0	46	20	53	1	58	30	99
468	26 Jan 2016	05:02:27	0	1	2	3	4	5	6	57	76	56	0	89	1	40	7	131	0	9	101	0	111	37	85	0	40	112	133
469	26 Jan 2016	05:03:26	0	1	2	3	4	5	6	107	0	45	0	34	4	62	4	83	0	11	137	0	46	20	49	0	71	39	86
470	26 Jan 2016	05:04:27	0	1	2	3	4	5	6	86	1	68	0	33	4	32	3	127	0	26	43	0	65	23	66	0	11	25	67
471	26 Jan 2016	05:05:27	0	1	2	3	4	5	6	28	13	26	0	48	6	47	5	86	0	20	152	0	90	19	77	0	62	17	80
472	26 Jan 2016	05:06:27	0	1	2	3	4	5	6	89	22	49	0	75	3	10	4	28	0	66	75	0	18	28	38	0	73	4	21
473	26 Jan 2016	05:07:27	0	1	2	3	4	5	6	158	21	48	0	40	8	18	3	36	0	63	98	0	163	49	63	6	11	42	88
474	26 Jan 2016	05:08:27	0	1	2	3	4	5	6	77	23	96	0	56	3	64	1	96	0	151	83	0	17	7	59	7	39	83	73
475	26 Jan 2016	05:09:27	0	1	2	3	4	5	6	67	9	53	0	99	7	78	0	56	0	58	71	0	121	10	68	5	37	74	79
476	26 Jan 2016	05:10:27	0	1	2	3	4	5	6	108	24	7	0	15	0	56	1	88	0	101	65	0	107	9	47	4	36	65	96
477	26 Jan 2016	05:11:27	0	1	2	3	4	5	6	57	9	22	6	50	38	44	0	74	0	59	51	0	72	4	119	3	25	22	38
478	26 Jan 2016	05:12:27	0	1	2	3	4	5	6	108	5	97	24	16	7	14	0	47	0	105	90	0	91	3	46	2	64	16	146
479	26 Jan 2016	05:13:27	0	1	2	3	4	5	6	47	13	69	35	61	5	57	0	70	0	83	79	0	64	5	111	1	38	16	77
480	26 Jan 2016	05:14:27	0	1	2	3	4	5	6	51	30	26	96	20	1	25	0	47	0	91	46	0	44	21	79	1	2	34	70
481	26 Jan 2016	05:15:27	0	1	2	3	4	5	6	19	24	33	79	64	0	51	0	72	0	59	80	0	72	15	35	0	24	27	50
482	26 Jan 2016	05:16:27	0	1	2	3	4	5	6	109	10	109	33	50	0	66	0	16	0	61	58	0	31	29	32	27	86	1	39
483	26 Jan 2016	05:17:27	0	1	2	3	4	5	6	146	16	88	112	28	0	69	0	34	0	75	38	0	36	4	88	106	0	0	104
484	26 Jan 2016	05:18:27	0	1	2	3	4	5	6	131	5	84	101	20	0	42	0	52	0	72	51	0	44	7	50	73	0	5	74
485	26 Jan 2016	05:19:27	0	1	2	3	4	5	6	80	10	35	80	25	0	44	0	99	0	158	45	0	96	1	52	89	56	4	72
486	26 Jan 2016	05:20:27	0	1	2	3	4	5	6	106	9	63	77	58	0	29	0	70	0	23	50	0	59	0	64	102	27	6	87
487	26 Jan 2016	05:21:27	0	1	2	3	4	5	6	40	36	82	113	12	0	61	0	118	0	10	52	0	39	0	110	70	31	7	135
488	26 Jan 2016	05:22:27	0	1	2	3	4	5	6	128	8	126	72	41	0	77	0	51	0	10	58	2	28	4	74	129	0	5	63
489	26 Jan 2016	05:23:27	0	1	2	3	4	5	6	144	14	66	97	89	2	81	0	52	0	4	74	0	92	2	72	69	60	5	49
490	26 Jan 2016	05:24:27	0	1	2	3	4	5	6	89	0	60	13	43	5	41	9	68	0	7	81	0	72	8	47	49	25	5	17
491	26 Jan 2016	05:25:26	0	1	2	3	4	5	6	63	1	87	59	72	3	68	14	39	0	8	45	0	20	5	48	32	26	3	113
492	26 Jan 2016	05:26:27	0	1	2	3	4	5	6	44	20	27	68	38	3	50	1	53	0	3	93	0	90	3	59	46	70	6	109
493	26 Jan 2016	05:27:27	0	1	2	3	4	5	6	72	26	51	126	39	1	89	3	33	0	3	85	0	48	2	31	101	37	5	53
494	26 Jan 2016	05:28:27	0	1	2	3	4	5	6	103	7	47	41	97	3	73	0	45	0	6	24	0	112	6	39	86	16	7	79
495	26 Jan 2016	05:29:27	0	1	2	3	4	5	6	47	0	122	95	0	4	55	0	16	1	0	57	0	38	7	46	51	34	0	93
496	26 Jan 2016	05:30:27	0	1	2	3	4	5	6	66	0	51	84	53	3	49	5	71	0	0	69	0	61	4	72	47	47	0	74
497	26 Jan 2016	05:31:27	0	1	2	3	4	5	6	49	0	48	62	43	3	64	29	52	0	0	39	0	90	6	42	86	56	0	67
498	26 Jan 2016	05:32:27	0	1	2	3	4	5	6	69	5	28	67	29	1	28	58	75	0	0	50	0	25	7	72	99	31	0	58
499	26 Jan 2016	05:33:26	0	1	2	3	4	5	6	106	0	80	22	36	2	100	65	105	0	4	88	0	45	8	53	93	29	0	110
500	26 Jan 2016	05:34:26	0	1	2	3	4	5	6	63	0	70	102	91	10	102	59	60	0	105	98	0	49	12	23	7	23	0	74
501	26 Jan 2016	05:35:27	0	1	2	3	4	5	6	79	0	77	76	60	16	75	0	72	0	82	63	0	102	10	51	65	0	1	78
502	26 Jan 2016	05:36:27	0	1	2	3	4	5	6	136	0	30	70	21	1	27	76	45	0	54	73	0	73	10	79	141	19	0	29
503	26 Jan 2016	05:37:27	0	1	2	3	4	5	6	52	5	56	92	82	0	9	76	90	0	64	72	0	85	8	75	122	24	1	58
504	26 Jan 2016	05:38:27	0	1	2	3	4	5	6	137	4	49	70	12	6	57	63	138	0	72	76	0	30	11	29	19	39	0	51
505	26 Jan 2016	05:39:28	0	1	2	3	4	5	6	96	3	100	77	26	10	92	74	90	0	18	111	0	79	8	21	113	40	0	90
506	26 Jan 2016	05:40:27	0	1	2	3	4	5	6	80	3	43	95	48	6	100	48	19	0	16	20	0	21	5	56	85	1	0	49
507	26 Jan 2016	05:41:27	0	1	2	3	4	5	6	80	68	77	93	70	6	75	45	32	0	60	83	0	86	46	81	114	44	1	72
508	26 Jan 2016	05:42:27	0	1	2	3	4	5	6	101	4	54	40	46	9	47	44	19	0	24	89	0	30	20	84	75	19	2	99
509	26 Jan 2016	05:43:27	0	1	2	3	4	5	6	26	19	61	58	26	15	64	76	24	3	0	86	0	69	7	92	130	23	3	63
510	26 Jan 2016	05:44:26	0	1	2	3	4	5	6	23	13	59	78	62	18	78	41	23	5	1	53	0	85	45	116	86	32	7	41
511	26 Jan 2016	05:45:27	0	1	2	3	4	5	6	56	7	70	36	32	54	59	53	88	5	0	36	0	31	42	105	113	0	1	55
512	26 Jan 2016	05:46:27	0	1	2	3	4	5	6	29	46	42	86	29	47	44	28	48	2	0	14	0	24	14	73	41	55	4	43
513	26 Jan 2016	05:47:27	0	1	2	3	4	5	6	66	0	115	91	25	100	64	55	79	6	2	79	0	62	7	20	101	68	4	43
514	26 Jan 2016	05:48:27	0	1	2	3	4	5	6	91	77	40	34	41	99	65	75	72	4	5	40	0	14	11	87	87	63	8	59
515	26 Jan 2016	05:49:27	0	1	2	3	4	5	6	28	28	102	25	62	92	57	67	58	6	2	73	0	9	16	71	77	29	4	79
516	26 Jan 2016	05:50:27	0	1	2	3	4	5	6	72	50	23	26	57	64	37	47	123	4	7	21	0	12	5	94	149	21	4	52
517	26 Jan 2016	05:51:27	0	1	2	3	4	5	6	42	28	102	6	38	51	66	50	25	5	6	57	3	75	2	47	74	52	3	92
518	26 Jan 2016	05:52:28	0	1	2	3	4	5	6	57	13	76	1	53	124	98	49	79	2	6	85	0	20	1	74	120	15	0	36
519	26 Jan 2016	05:53:27	0	1	2	3	4	5	6	74	19	110	0	42	44	34	40	74	2	4	60	1	41	7	67	31	0	0	41
520	26 Jan 2016	05:54:27	0	1	2	3	4	5	6	41	16	184	1	22	51	38	75	60	5	4	51	0	87	7	91	105	48	0	86
521	26 Jan 2016	05:55:27	0	1	2	3	4	5	6	74	19	159	5	5	9	55	59	174	4	36	101	0	15	5	46	57	28	0	67
522	26 Jan 2016	05:56:27	0	1	2	3	4	5	6	65	11	56	6	56	5	96	4	100	4	14	60	0	24	1	110	26	38	0	16
523	26 Jan 2016	05:57:27	0	1	2	3	4	5	6	62	31	103	4	29	1	70	5	25	2	13	91	0	137	0	11	105	0	0	66
524	26 Jan 2016	05:58:27	0	1	2	3	4	5	6	87	0	88	4	21	4	56	4	119	1	11	92	0	16	0	85	71	61	0	19
525	26 Jan 2016	05:59:27	0	1	2	3	4	5	6	27	1	84	6	47	4	87	0	73	5	22	29	0	27	57	96	38	45	0	76
526	26 Jan 2016	06:00:27	0	1	2	3	4	5	6	42	0	102	0	47	4	74	0	84	4	47	21	0	130	11	55	61	5	0	60
527	26 Jan 2016	06:01:27	0	1	2	3	4	5	6	48	0	68	4	21	5	42	0	166	2	11	23	0	83	7	75	54	62	2	52
528	26 Jan 2016	06:02:27	0	1	2	3	4	5	6	73	0	57	6	44	2	41	1	43	2	4	12	0	19	16	43	86	65	1	56
529	26 Jan 2016	06:03:27	0	1	2	3	4	5	6	42	1	64	0	30	1	35	0	81	13	0	19	1	50	15	14	6	6	3	26
530	26 Jan 2016	06:04:27	0	1	2	3	4	5	6	122	1	58	3	24	3	45	0	85	15	0	34	0	119	21	94	8	67	0	28
531	26 Jan 2016	06:05:27	0	1	2	3	4	5	6	49	0	30	2	77	4	86	1	33	0	2	69	0	93	19	48	1	2	0	87
532	26 Jan 2016	06:06:27	0	1	2	3	4	5	6	69	8	30	3	30	1	48	3	39	0	0	53	0	165	4	76	3	15	0	77
533	26 Jan 2016	06:07:27	0	1	2	3	4	5	6	71	4	142	0	58	4	74	2	161	29	3	103	0	129	30	75	7	6	0	37
534	26 Jan 2016	06:08:27	0	1	2	3	4	5	6	67	0	93	0	18	6	29	1	39	7	5	45	0	110	1	40	1	46	0	68
535	26 Jan 2016	06:09:27	0	1	2	3	4	5	6	95	4	157	2	47	3	106	11	110	4	2	78	0	113	0	63	4	32	0	97
536	26 Jan 2016	06:10:27	0	1	2	3	4	5	6	37	15	92	2	49	13	66	8	48	2	3	58	0	90	0	90	4	82	0	96
537	26 Jan 2016	06:11:27	0	1	2	3	4	5	6	47	55	43	3	16	6	21	41	16	20	4	69	6	103	1	68	7	14	0	48
538	26 Jan 2016	06:12:27	0	1	2	3	4	5	6	115	26	92	5	49	7	94	9	27	26	5	98	2	64	1	126	2	38	0	66
539	26 Jan 2016	06:13:27	0	1	2	3	4	5	6	40	62	44	8	68	12	68	19	138	64	4	73	3	56	4	122	5	38	0	39
540	26 Jan 2016	06:14:27	0	1	2	3	4	5	6	63	55	114	11	22	5	34	11	58	19	5	94	2	107	5	97	5	34	0	105
541	26 Jan 2016	06:15:27	0	1	2	3	4	5	6	95	30	88	10	69	5	216	14	13	56	1	49	7	43	6	101	1	8	0	85
542	26 Jan 2016	06:16:27	0	1	2	3	4	5	6	36	39	60	3	14	2	57	10	23	31	0	93	5	103	6	39	9	47	0	40
543	26 Jan 2016	06:17:27	0	1	2	3	4	5	6	62	19	77	2	121	6	111	5	22	30	0	94	2	46	4	109	3	22	0	52
544	26 Jan 2016	06:18:27	0	1	2	3	4	5	6	69	15	78	8	37	7	103	3	76	16	0	61	5	84	2	46	3	32	0	96
545	26 Jan 2016	06:19:27	0	1	2	3	4	5	6	32	24	12	4	18	4	67	0	38	10	2	32	0	14	2	82	0	0	1	44
546	26 Jan 2016	06:20:27	0	1	2	3	4	5	6	38	21	74	1	65	15	68	0	114	15	1	66	3	132	7	98	0	23	6	95
547	26 Jan 2016	06:21:27	0	1	2	3	4	5	6	16	5	107	19	57	0	72	1	78	9	1	94	1	75	7	82	0	41	4	60
548	26 Jan 2016	06:22:27	0	1	2	3	4	5	6	101	2	81	21	25	2	35	11	68	32	2	83	2	33	7	40	0	27	0	52
549	26 Jan 2016	06:23:27	0	1	2	3	4	5	6	70	1	57	12	18	2	13	0	35	34	6	96	3	95	5	98	1	61	0	31
550	26 Jan 2016	06:24:27	0	1	2	3	4	5	6	114	0	106	19	44	0	31	0	28	29	8	61	2	83	6	86	13	35	0	71
551	26 Jan 2016	06:25:27	0	1	2	3	4	5	6	83	0	100	12	29	1	116	0	31	22	7	42	3	65	6	79	5	12	0	35
552	26 Jan 2016	06:26:27	0	1	2	3	4	5	6	83	7	58	7	77	2	48	0	51	0	7	95	4	21	8	44	9	56	0	104
553	26 Jan 2016	06:27:27	0	1	2	3	4	5	6	68	43	88	7	33	7	47	0	102	8	11	22	1	21	4	61	2	58	2	54
554	26 Jan 2016	06:28:27	0	1	2	3	4	5	6	82	14	135	6	41	6	71	0	116	10	12	83	1	32	5	156	3	0	11	57
555	26 Jan 2016	06:29:27	0	1	2	3	4	5	6	49	2	90	5	12	0	49	0	102	0	12	79	2	121	4	96	7	25	5	30
556	26 Jan 2016	06:30:27	0	1	2	3	4	5	6	95	0	72	2	2	0	25	0	32	2	12	26	1	30	1	66	7	57	36	65
557	26 Jan 2016	06:31:27	0	1	2	3	4	5	6	96	2	82	2	41	0	49	3	166	4	11	52	6	92	3	79	9	42	15	68
558	26 Jan 2016	06:32:27	0	1	2	3	4	5	6	84	7	47	6	53	0	88	61	85	8	10	72	6	78	3	88	8	2	50	59
559	26 Jan 2016	06:33:27	0	1	2	3	4	5	6	50	5	60	3	46	0	55	34	55	3	2	53	2	55	4	38	4	45	23	68
560	26 Jan 2016	06:34:27	0	1	2	3	4	5	6	115	3	70	1	33	0	48	29	78	2	3	16	0	107	3	140	6	25	11	67
561	26 Jan 2016	06:35:27	0	1	2	3	4	5	6	125	7	57	1	69	0	74	16	42	0	3	101	0	9	1	50	7	3	48	97
562	26 Jan 2016	06:36:27	0	1	2	3	4	5	6	113	4	77	9	32	0	53	10	59	0	8	75	0	28	1	64	6	38	27	43
563	26 Jan 2016	06:37:27	0	1	2	3	4	5	6	10	2	50	10	70	1	12	13	49	0	5	27	0	75	12	58	6	57	69	31
564	26 Jan 2016	06:38:27	0	1	2	3	4	5	6	21	0	83	7	76	1	76	8	83	0	0	86	0	32	7	46	4	31	11	109
565	26 Jan 2016	06:39:27	0	1	2	3	4	5	6	57	1	31	1	79	8	53	23	91	6	0	75	0	16	7	96	4	0	3	54
566	26 Jan 2016	06:40:27	0	1	2	3	4	5	6	85	1	19	3	60	3	40	31	46	4	0	48	0	51	4	25	5	52	50	43
567	26 Jan 2016	06:41:26	0	1	2	3	4	5	6	149	1	117	2	34	0	63	4	106	0	0	119	0	17	79	20	5	40	97	61
568	26 Jan 2016	06:42:27	0	1	2	3	4	5	6	31	1	74	0	50	0	55	7	36	0	0	130	0	42	39	82	5	1	20	81
569	26 Jan 2016	06:43:27	0	1	2	3	4	5	6	40	4	55	0	60	0	36	1	20	0	0	75	0	61	14	46	2	81	6	29
570	26 Jan 2016	06:44:27	0	1	2	3	4	5	6	39	5	96	0	70	0	103	0	48	0	0	78	0	39	22	24	4	31	5	49
571	26 Jan 2016	06:45:27	0	1	2	3	4	5	6	45	0	65	0	55	0	58	0	30	0	1	55	0	71	55	119	9	40	0	64
572	26 Jan 2016	06:46:27	0	1	2	3	4	5	6	50	0	52	0	16	0	41	0	8	0	0	39	0	80	22	64	6	58	1	58
573	26 Jan 2016	06:47:26	0	1	2	3	4	5	6	61	1	135	1	58	1	63	0	96	0	0	64	0	55	18	107	8	32	1	35
574	26 Jan 2016	06:48:27	0	1	2	3	4	5	6	37	4	57	0	75	2	55	0	66	1	1	42	0	94	13	101	8	2	2	93
575	26 Jan 2016	06:49:26	0	1	2	3	4	5	6	107	4	58	5	88	2	77	0	42	0	1	74	0	73	26	108	3	32	4	9
576	26 Jan 2016	06:50:27	0	1	2	3	4	5	6	101	2	56	5	31	3	75	2	57	0	0	70	5	87	20	97	20	39	1	15
577	26 Jan 2016	06:51:27	0	1	2	3	4	5	6	78	22	101	5	22	0	81	7	85	0	0	61	2	81	8	17	10	34	0	116
578	26 Jan 2016	06:52:27	0	1	2	3	4	5	6	49	8	87	7	29	0	92	2	34	0	0	60	0	87	6	76	10	22	0	59
579	26 Jan 2016	06:53:27	0	1	2	3	4	5	6	48	6	89	7	55	6	63	0	75	2	0	10	0	92	2	84	5	18	2	41
580	26 Jan 2016	06:54:27	0	1	2	3	4	5	6	98	8	97	8	46	36	40	5	58	5	0	77	0	73	31	58	8	68	3	52
581	26 Jan 2016	06:55:27	0	1	2	3	4	5	6	36	9	110	5	25	11	44	6	69	7	0	57	0	9	20	52	24	15	1	115
582	26 Jan 2016	06:56:26	0	1	2	3	4	5	6	82	9	125	1	34	10	73	6	33	4	1	34	0	23	7	44	54	9	5	109
583	26 Jan 2016	06:57:27	0	1	2	3	4	5	6	24	8	76	0	39	5	38	3	86	4	1	49	0	85	9	84	34	46	6	96
584	26 Jan 2016	06:58:27	0	1	2	3	4	5	6	30	17	44	1	0	7	77	0	98	1	4	106	35	79	24	41	79	17	4	26
585	26 Jan 2016	06:59:27	0	1	2	3	4	5	6	26	10	56	3	86	10	67	0	88	0	0	146	74	10	19	25	80	29	3	49
586	26 Jan 2016	07:00:27	0	1	2	3	4	5	6	86	1	89	6	35	15	54	0	28	7	0	80	32	17	5	102	8	82	3	156
587	26 Jan 2016	07:01:27	0	1	2	3	4	5	6	143	3	59	0	17	7	68	1	125	4	0	82	107	12	1	81	7	11	0	135
588	26 Jan 2016	07:02:27	0	1	2	3	4	5	6	150	3	76	4	34	10	19	3	50	6	0	29	58	87	0	72	31	53	0	127
589	26 Jan 2016	07:03:27	0	1	2	3	4	5	6	125	1	56	7	85	6	66	0	113	8	0	150	68	29	1	110	44	42	0	39
590	26 Jan 2016	07:04:27	0	1	2	3	4	5	6	96	0	51	6	77	4	77	0	92	4	0	94	107	138	2	92	110	15	0	124
591	26 Jan 2016	07:05:27	0	1	2	3	4	5	6	146	3	50	3	81	7	82	0	29	4	0	41	110	91	1	170	175	78	0	56
592	26 Jan 2016	07:06:27	0	1	2	3	4	5	6	155	2	140	7	54	6	84	2	30	0	2	70	75	85	1	136	183	0	0	80
593	26 Jan 2016	07:07:27	0	1	2	3	4	5	6	106	0	8	8	53	5	47	7	105	0	8	68	47	91	1	80	120	73	0	24
594	26 Jan 2016	07:08:27	0	1	2	3	4	5	6	126	0	7	4	134	3	43	2	238	0	40	76	23	15	1	115	100	0	0	213
595	26 Jan 2016	07:09:27	0	1	2	3	4	5	6	143	0	71	0	74	6	87	0	34	0	132	66	96	81	0	94	109	74	1	124
596	26 Jan 2016	07:10:27	0	1	2	3	4	5	6	121	2	155	0	73	7	54	0	31	0	109	121	90	103	1	143	153	0	0	108
597	26 Jan 2016	07:11:27	0	1	2	3	4	5	6	125	2	166	0	17	6	69	3	33	0	81	76	80	104	6	100	88	79	5	76
598	26 Jan 2016	07:12:27	0	1	2	3	4	5	6	154	6	122	6	11	5	92	0	22	0	106	99	12	91	3	42	104	0	87	56
599	26 Jan 2016	07:13:27	0	1	2	3	4	5	6	140	5	97	6	103	14	66	34	25	2	37	85	52	85	1	35	88	25	25	92
600	26 Jan 2016	07:14:27	0	1	2	3	4	5	6	92	4	97	5	116	5	56	68	26	2	12	61	63	98	6	69	39	45	17	95
601	26 Jan 2016	07:15:27	0	1	2	3	4	5	6	72	17	132	3	65	6	56	69	16	1	27	153	21	19	5	70	118	45	42	118
602	26 Jan 2016	07:16:27	0	1	2	3	4	5	6	91	0	126	2	20	4	68	69	28	4	20	6	0	14	1	80	104	55	48	27
603	26 Jan 2016	07:17:27	0	1	2	3	4	5	6	141	2	95	1	54	8	32	39	52	10	90	24	0	11	1	39	127	17	21	119
604	26 Jan 2016	07:18:27	0	1	2	3	4	5	6	131	13	108	0	96	8	88	36	20	1	119	85	3	25	1	73	119	11	0	65
605	26 Jan 2016	07:19:27	0	1	2	3	4	5	6	68	0	98	1	110	9	108	86	77	1	69	120	3	33	0	107	97	43	99	84
606	26 Jan 2016	07:20:27	0	1	2	3	4	5	6	51	0	59	2	85	19	65	63	33	2	91	79	2	91	0	80	89	37	70	105
607	26 Jan 2016	07:21:27	0	1	2	3	4	5	6	77	6	139	1	56	10	51	85	62	5	69	109	1	34	0	74	99	0	72	13
608	26 Jan 2016	07:22:26	0	1	2	3	4	5	6	85	0	58	4	59	7	59	65	64	4	84	88	6	151	1	71	117	42	21	148
609	26 Jan 2016	07:23:27	0	1	2	3	4	5	6	139	3	92	2	58	7	44	68	75	2	81	54	60	89	0	87	80	60	3	41
610	26 Jan 2016	07:24:27	0	1	2	3	4	5	6	58	3	86	0	207	7	58	24	38	2	31	133	18	96	29	169	81	28	39	118
611	26 Jan 2016	07:25:27	0	1	2	3	4	5	6	136	0	108	10	37	0	63	47	92	5	79	117	45	111	16	32	63	0	30	107
612	26 Jan 2016	07:26:27	0	1	2	3	4	5	6	66	3	87	26	64	0	75	14	36	4	67	106	121	84	7	112	103	49	6	116
613	26 Jan 2016	07:27:27	0	1	2	3	4	5	6	95	5	55	63	78	0	25	11	59	5	24	44	27	56	42	113	23	55	12	101
614	26 Jan 2016	07:28:27	0	1	2	3	4	5	6	30	6	51	106	32	0	51	10	25	4	5	30	6	18	50	58	87	0	8	70
615	26 Jan 2016	07:29:27	0	1	2	3	4	5	6	23	5	21	117	9	0	44	5	96	0	64	100	0	49	29	37	91	31	38	31
616	26 Jan 2016	07:30:27	0	1	2	3	4	5	6	42	1	146	95	53	0	51	7	69	0	103	81	6	17	17	92	114	25	44	78
617	26 Jan 2016	07:31:27	0	1	2	3	4	5	6	39	0	63	43	25	0	84	4	66	0	67	71	8	14	74	102	63	37	58	75
618	26 Jan 2016	07:32:27	0	1	2	3	4	5	6	132	0	50	115	51	0	70	14	40	0	89	89	6	31	46	58	59	0	82	78
619	26 Jan 2016	07:33:27	0	1	2	3	4	5	6	88	0	103	115	100	0	50	6	60	0	88	72	68	103	37	100	116	17	3	27
620	26 Jan 2016	07:34:27	0	1	2	3	4	5	6	65	3	99	84	33	0	79	2	18	0	89	34	113	73	22	57	95	22	8	94
621	26 Jan 2016	07:35:27	0	1	2	3	4	5	6	79	7	39	72	49	0	31	0	53	0	68	87	28	16	25	85	106	43	6	46
622	26 Jan 2016	07:36:27	0	1	2	3	4	5	6	46	5	73	104	84	0	61	5	79	4	56	68	93	113	5	99	90	26	3	105
623	26 Jan 2016	07:37:26	0	1	2	3	4	5	6	150	5	85	82	86	0	74	4	97	1	75	108	73	65	4	93	116	8	5	80
624	26 Jan 2016	07:38:27	0	1	2	3	4	5	6	58	10	60	87	40	0	54	1	74	3	66	118	39	29	5	110	87	62	5	36
625	26 Jan 2016	07:39:27	0	1	2	3	4	5	6	76	4	56	59	13	0	49	0	7	4	4	64	51	100	3	113	75	26	1	43
626	26 Jan 2016	07:40:27	0	1	2	3	4	5	6	50	9	54	101	39	0	38	4	71	4	6	118	103	34	3	108	104	6	4	33
627	26 Jan 2016	07:41:27	0	1	2	3	4	5	6	111	11	60	69	27	0	53	4	47	7	2	102	78	42	4	79	94	43	6	64
628	26 Jan 2016	07:42:26	0	1	2	3	4	5	6	50	34	102	79	23	0	77	4	60	12	4	63	97	71	9	44	87	30	4	79
629	26 Jan 2016	07:43:27	0	1	2	3	4	5	6	88	1	109	95	53	0	51	3	88	4	2	99	87	104	8	72	63	3	2	61
630	26 Jan 2016	07:44:27	0	1	2	3	4	5	6	68	5	120	101	40	6	42	3	44	8	0	22	80	123	5	60	86	69	5	63
631	26 Jan 2016	07:45:27	0	1	2	3	4	5	6	68	12	50	105	41	11	18	4	67	1	0	44	47	27	5	86	95	24	4	88
632	26 Jan 2016	07:46:27	0	1	2	3	4	5	6	122	40	47	73	19	0	96	4	37	0	0	85	27	42	7	42	109	17	1	78
633	26 Jan 2016	07:47:27	0	1	2	3	4	5	6	96	28	87	96	54	1	43	4	47	1	0	77	67	84	5	29	60	27	5	96
634	26 Jan 2016	07:48:26	0	1	2	3	4	5	6	94	0	61	64	69	6	82	1	46	1	0	101	68	12	2	106	79	34	6	86
635	26 Jan 2016	07:49:27	0	1	2	3	4	5	6	129	6	108	77	29	1	74	14	97	0	2	24	75	14	1	135	41	33	7	51
636	26 Jan 2016	07:50:27	0	1	2	3	4	5	6	142	1	62	60	76	8	185	61	99	2	6	100	115	21	8	122	138	0	3	128
637	26 Jan 2016	07:51:27	0	1	2	3	4	5	6	133	1	56	14	55	3	50	22	31	1	2	76	75	80	8	87	90	32	2	97
638	26 Jan 2016	07:52:28	0	1	2	3	4	5	6	89	2	47	21	66	0	64	55	13	0	2	80	32	25	6	72	62	33	4	46
639	26 Jan 2016	07:53:27	0	1	2	3	4	5	6	86	1	101	7	28	0	77	17	31	0	3	50	14	76	3	91	84	17	4	40
640	26 Jan 2016	07:54:27	0	1	2	3	4	5	6	52	6	83	3	53	1	54	37	63	0	10	41	18	48	2	29	73	11	2	49
641	26 Jan 2016	07:55:27	0	1	2	3	4	5	6	64	57	88	0	63	5	10	55	44	1	8	55	7	89	3	106	92	55	4	41
642	26 Jan 2016	07:56:27	0	1	2	3	4	5	6	63	20	29	0	42	0	101	68	71	0	1	60	39	72	4	60	71	0	1	76
643	26 Jan 2016	07:57:27	0	1	2	3	4	5	6	41	3	66	0	43	0	65	25	15	2	4	67	24	133	4	34	26	52	0	101
644	26 Jan 2016	07:58:27	0	1	2	3	4	5	6	95	12	78	0	44	0	54	47	80	1	2	30	6	11	5	97	85	37	0	37
645	26 Jan 2016	07:59:27	0	1	2	3	4	5	6	58	68	127	0	37	7	71	25	79	0	0	68	1	75	2	35	56	22	4	80
646	26 Jan 2016	08:00:27	0	1	2	3	4	5	6	88	53	53	0	118	5	175	6	58	0	0	160	0	64	2	103	52	0	4	140
647	26 Jan 2016	08:01:27	0	1	2	3	4	5	6	74	57	93	0	7	4	23	0	32	0	0	73	0	26	4	51	82	27	7	75
648	26 Jan 2016	08:02:27	0	1	2	3	4	5	6	28	17	55	0	59	1	62	1	17	11	1	52	0	34	0	88	101	28	6	58
649	26 Jan 2016	08:03:27	0	1	2	3	4	5	6	44	1	55	0	33	2	64	0	21	38	0	101	0	7	0	84	73	20	3	102
650	26 Jan 2016	08:04:27	0	1	2	3	4	5	6	9	30	27	0	29	1	60	3	12	23	2	80	0	62	0	50	16	64	3	116
651	26 Jan 2016	08:05:27	0	1	2	3	4	5	6	67	28	40	0	111	2	83	0	21	33	1	56	1	16	1	58	8	32	4	31
652	26 Jan 2016	08:06:27	0	1	2	3	4	5	6	147	11	109	0	44	4	57	0	22	15	0	58	0	91	0	93	7	0	3	65
653	26 Jan 2016	08:07:27	0	1	2	3	4	5	6	99	52	96	2	67	9	52	0	72	4	0	55	0	27	0	136	64	67	4	98
654	26 Jan 2016	08:08:27	0	1	2	3	4	5	6	86	27	83	7	64	2	83	1	23	1	0	61	0	53	0	58	107	26	0	76
655	26 Jan 2016	08:09:27	0	1	2	3	4	5	6	71	60	35	0	36	0	117	2	52	0	0	33	0	64	0	120	22	8	0	101
656	26 Jan 2016	08:10:27	0	1	2	3	4	5	6	82	8	19	0	10	0	67	7	35	0	1	44	0	80	0	56	8	10	1	107
657	26 Jan 2016	08:11:27	0	1	2	3	4	5	6	73	18	47	0	37	0	54	1	41	0	6	105	0	26	0	49	4	64	2	86
658	26 Jan 2016	08:12:27	0	1	2	3	4	5	6	93	4	47	1	62	1	19	2	86	2	7	55	0	12	0	51	3	16	7	73
659	26 Jan 2016	08:13:27	0	1	2	3	4	5	6	69	2	80	3	65	1	27	0	48	8	4	49	0	18	15	106	5	14	3	45
660	26 Jan 2016	08:14:27	0	1	2	3	4	5	6	50	1	122	5	53	6	65	30	71	41	5	33	0	51	28	73	3	22	38	37
661	26 Jan 2016	08:15:27	0	1	2	3	4	5	6	123	0	36	6	41	4	67	38	87	60	6	66	0	56	15	71	1	35	8	104
662	26 Jan 2016	08:16:27	0	1	2	3	4	5	6	87	0	61	4	25	2	60	18	90	49	1	45	0	80	13	50	4	22	38	62
663	26 Jan 2016	08:17:27	0	1	2	3	4	5	6	123	1	62	4	57	11	32	51	86	55	0	45	0	39	15	103	2	7	55	57
664	26 Jan 2016	08:18:27	0	1	2	3	4	5	6	50	5	83	4	54	10	98	24	88	28	0	79	1	138	40	76	4	4	31	50
665	26 Jan 2016	08:19:27	0	1	2	3	4	5	6	109	4	32	3	174	9	71	78	46	9	0	90	1	13	15	46	8	46	7	41
666	26 Jan 2016	08:20:27	0	1	2	3	4	5	6	62	0	27	1	66	5	91	59	65	4	0	65	0	13	7	103	10	8	6	50
667	26 Jan 2016	08:21:27	0	1	2	3	4	5	6	62	1	58	1	38	0	67	52	87	29	0	89	2	23	7	46	12	37	5	81
668	26 Jan 2016	08:22:27	0	1	2	3	4	5	6	15	4	55	0	78	0	70	29	127	40	1	50	3	77	72	93	8	21	3	112
669	26 Jan 2016	08:23:27	0	1	2	3	4	5	6	100	2	54	3	43	0	92	41	43	37	3	97	2	23	13	68	1	0	6	68
670	26 Jan 2016	08:24:27	0	1	2	3	4	5	6	74	2	75	2	44	0	80	12	74	27	6	36	4	28	0	93	7	0	4	117
671	26 Jan 2016	08:25:27	0	1	2	3	4	5	6	80	1	37	2	72	4	28	6	22	27	5	50	4	50	43	107	6	38	4	86
672	26 Jan 2016	08:26:27	0	1	2	3	4	5	6	40	11	43	2	69	0	56	0	67	39	2	98	0	70	46	68	1	10	0	42
673	26 Jan 2016	08:27:26	0	1	2	3	4	5	6	114	4	72	0	150	0	63	0	32	43	1	40	0	62	29	66	0	25	0	119
674	26 Jan 2016	08:28:27	0	1	2	3	4	5	6	97	40	54	2	40	0	211	1	56	33	1	71	0	70	7	28	0	0	0	142
675	26 Jan 2016	08:29:27	0	1	2	3	4	5	6	31	26	124	8	25	1	41	3	79	35	3	55	1	27	3	62	3	37	0	71
676	26 Jan 2016	08:30:27	0	1	2	3	4	5	6	87	74	112	3	55	3	72	4	11	40	0	104	3	60	6	105	6	45	0	63
677	26 Jan 2016	08:31:27	0	1	2	3	4	5	6	78	76	64	5	91	7	121	0	59	35	0	75	1	60	7	27	4	3	0	81
678	26 Jan 2016	08:32:27	0	1	2	3	4	5	6	62	17	78	7	80	6	75	0	95	43	1	91	0	50	4	55	1	38	12	36
679	26 Jan 2016	08:33:27	0	1	2	3	4	5	6	35	27	49	2	71	7	6	2	35	38	3	30	1	94	5	60	0	27	0	58
680	26 Jan 2016	08:34:27	0	1	2	3	4	5	6	57	17	73	0	94	3	30	40	56	19	19	24	0	49	2	66	7	28	0	103
681	26 Jan 2016	08:35:26	0	1	2	3	4	5	6	51	5	127	0	3	0	62	63	88	5	16	129	0	29	1	46	5	0	1	66
682	26 Jan 2016	08:36:27	0	1	2	3	4	5	6	105	14	105	0	68	0	80	33	48	1	10	42	0	15	3	36	4	5	13	48
683	26 Jan 2016	08:37:27	0	1	2	3	4	5	6	107	0	102	0	27	0	58	28	41	7	8	123	1	44	5	68	3	34	27	39
684	26 Jan 2016	08:38:27	0	1	2	3	4	5	6	52	0	8	0	31	0	74	35	84	1	7	40	0	84	5	69	7	33	24	71
685	26 Jan 2016	08:39:27	0	1	2	3	4	5	6	77	16	12	7	30	38	47	7	54	4	9	35	0	12	28	36	1	0	12	22
686	26 Jan 2016	08:40:27	0	1	2	3	4	5	6	85	11	79	44	24	98	65	8	48	4	12	41	0	78	12	64	0	18	5	80
687	26 Jan 2016	08:41:27	0	1	2	3	4	5	6	28	31	50	11	64	28	28	7	94	6	8	38	0	41	5	93	3	29	9	31
688	26 Jan 2016	08:42:27	0	1	2	3	4	5	6	12	0	82	13	82	15	80	12	51	10	13	80	0	160	0	79	4	28	4	44
689	26 Jan 2016	08:43:27	0	1	2	3	4	5	6	68	1	73	36	30	15	96	7	49	13	100	82	0	18	0	103	8	26	4	106
690	26 Jan 2016	08:44:27	0	1	2	3	4	5	6	108	0	61	33	34	9	73	11	82	5	90	26	0	29	1	61	6	0	2	96
691	26 Jan 2016	08:45:27	0	1	2	3	4	5	6	73	0	116	83	40	7	60	8	92	73	63	118	0	18	50	29	1	0	9	37
692	26 Jan 2016	08:46:27	0	1	2	3	4	5	6	72	1	79	86	46	4	48	4	38	18	6	70	0	18	21	112	0	41	6	57
693	26 Jan 2016	08:47:27	0	1	2	3	4	5	6	39	1	54	49	53	8	72	3	75	22	3	42	0	26	49	69	0	7	1	53
694	26 Jan 2016	08:48:27	0	1	2	3	4	5	6	75	3	95	68	43	3	42	4	16	40	1	144	0	17	5	57	0	32	6	57
695	26 Jan 2016	08:49:27	0	1	2	3	4	5	6	22	4	128	48	22	1	44	0	59	5	6	66	0	15	0	25	0	52	1	72
696	26 Jan 2016	08:50:27	0	1	2	3	4	5	6	75	2	115	73	49	15	102	0	17	22	8	50	0	20	0	110	0	10	10	91
697	26 Jan 2016	08:51:27	0	1	2	3	4	5	6	76	2	55	68	22	10	11	16	31	36	1	77	0	8	1	41	0	0	18	102
698	26 Jan 2016	08:52:27	0	1	2	3	4	5	6	25	1	60	66	27	1	11	18	94	5	2	44	10	14	2	94	4	10	18	32
699	26 Jan 2016	08:53:27	0	1	2	3	4	5	6	139	0	108	114	49	0	72	2	87	3	0	54	0	92	0	57	6	43	22	26
700	26 Jan 2016	08:54:27	0	1	2	3	4	5	6	51	17	33	100	56	0	43	2	70	1	0	94	1	67	15	59	6	15	23	101
701	26 Jan 2016	08:55:27	0	1	2	3	4	5	6	101	93	113	105	56	3	65	46	99	63	11	87	1	18	10	56	4	1	12	106
